	THI.G1.1	THI.G1.2	THI.G1.3	THI.G1.4	THI.G1.5	THI.G1.6	THI.G1.7	THI.G1.8	THI.G1.9	THI.G1.11	THI.G1.12	THI.G1.13	THF.G1.14	THF.G1.15	THF.G1.16	THF.G1.17	THF.G1.18	THF.G1.20	THF.G1.21	THF.G1.22	THF.G1.23	THF.G1.24	THF.G1.25	THF.G1.26	THI.G40.1	THI.G40.2	THI.G40.3	THI.G40.4	THI.G40.5	THI.G40.6	THI.G40.7	THI.G40.8	THI.G40.10	THI.G40.11	THI.G40.13	THI.G40.14	THF.G40.15	THF.G40.17	THF.G40.18	THF.G40.20	THF.G40.21	THF.G40.22	THF.G40.23	THF.G4024	THF.G40.25	THF.G40.26	THF.G40.27	THF.G40.28
Rhodococcus	22185	13691	13690	13011	20984	22485	27906	16572	16399	13910	31017	37953	8745	25345	975	12957	11066	14012	15014	14204	19296	8431	8438	13256	42305	49120	43715	43199	34947	60608	41665	35672	35523	35591	33251	38241	10118	16633	8886	8511	9313	14503	12508	9547	12738	12427	8007	14818
Hydrogenophaga	22324	27031	25429	23239	20528	19661	14184	20068	17712	23291	14375	12142	39009	22510	23880	33728	38156	38232	35761	32276	13732	42784	42836	41116	15112	8990	15351	17610	21178	6748	9280	12854	22196	19415	25895	13401	33700	36823	49940	44547	40551	36217	29460	35329	40386	46083	42160	40114
Chryseobacterium	13386	12391	5390	13929	3775	11200	8338	8819	15272	16019	10459	6177	4617	9263	4360	5365	4001	4965	6913	6727	21839	3431	3886	4349	6312	6639	5422	5545	6126	3920	9779	13383	6383	6709	4900	8840	2861	5611	3021	4827	6401	5091	4567	3889	4617	3094	3901	6825
Aquamicrobium	5172	6871	7083	8481	5485	8213	7655	5356	9744	5775	7423	2650	13589	5825	21134	14605	12862	7849	8322	5664	4200	11189	12358	7115	387	505	677	610	727	324	428	363	744	532	330	298	57	259	72	132	139	106	141	70	178	78	90	139
Lactobacillus	64	27	258	90	1956	8	62	113	26	16	52	507	41	37	23	6	11	50	46	60	2115	7	24	11	23	195	7	7	4	7	9	39	22	5	16	33	5856	137	108	147	411	161	115	147	158	128	126	145
Stenotrophomonas	841	1372	1503	1666	1316	1539	4207	3219	1230	1284	1554	3804	843	2248	4853	884	1260	2379	1522	2312	1834	875	724	1230	438	519	536	615	563	273	446	1026	734	451	716	1166	393	372	459	495	431	1243	1200	1572	893	1198	1170	761
unidentified_Rhizobiaceae	1922	2374	2496	2340	1731	1392	1980	3921	2414	2388	1213	725	2442	990	3332	1808	1436	1184	1053	3895	1164	1921	1791	2868	384	467	742	660	941	118	828	616	744	1072	529	787	817	789	713	878	870	965	750	545	1291	791	782	853
Streptococcus	0	9	98	4	2	8	11	12	3	3	5	12	1	19	21	0	4	9	10	10	9	4	0	1	2	2	3	3	0	4	1	4	3	0	2	2	2914	2	8	1	4	7	5	5	1	1	4	5
Pigmentiphaga	155	410	283	337	141	100	153	278	93	189	119	278	963	623	1067	686	868	449	457	1200	675	1209	703	709	103	62	141	165	225	35	116	55	167	161	94	101	1651	1184	686	864	942	2863	906	427	1910	1529	1999	1132
Pediococcus	1	7	17	2	2660	2	21	11	2	0	19	427	21	2	2	5	6	11	47	4	7	2	19	1	2	2	1	0	3	0	2	15	1	1	1	3	0	0	0	1	0	0	8	2	3	0	1	5
Sphingopyxis	444	1111	1127	1619	464	727	1106	1853	2506	898	1060	729	608	255	2134	473	526	450	353	666	380	492	362	335	227	631	751	409	473	146	609	468	472	428	367	276	469	861	419	653	928	1376	998	1064	1065	1182	676	551
unidentified_Cyanobacteria	13	20	61	4	2501	4	31	37	16	16	31	273	13	19	52	2	4	38	43	21	37	4	13	4	3	10	4	10	2	13	4	11	10	8	9	22	2	3	6	56	37	3	15	11	91	5	20	10
Niabella	848	886	611	1458	211	799	889	713	1935	2209	934	885	592	224	1055	586	549	491	593	636	587	388	384	310	123	445	247	163	194	90	475	462	158	243	145	224	180	462	149	345	438	409	369	259	348	165	252	537
unidentified_Clostridiales	16	43	96	9	1915	0	4	10	3	6	20	221	34	32	16	0	6	17	38	10	29	3	28	3	9	10	4	3	3	4	3	14	1	4	8	6	717	5	2	12	1	2	5	5	3	3	6	16
Chelatococcus	434	564	729	427	441	402	768	483	782	572	936	245	546	134	1442	505	609	433	685	633	346	574	367	464	45	91	94	108	229	36	68	109	163	150	76	59	272	676	615	740	948	645	1177	1037	592	432	758	775
Achromobacter	737	764	1029	768	606	446	689	1174	640	983	630	380	821	340	709	531	586	236	318	634	246	807	596	425	119	109	277	323	363	32	223	179	432	437	191	202	61	106	73	107	116	106	71	30	71	44	74	76
Bifidobacterium	24	14	391	1155	5	12	2	13	3	1	4	5	12	5	3	2	2	2	15	4	31	0	6	6	11	25	5	29	6	6	8	3	3	2	1	10	3	1	1	11	3	2	4	6	3	1	1	7
Devosia	90	170	146	124	127	130	180	198	241	110	151	89	147	146	434	191	214	118	193	179	157	130	179	143	287	320	392	485	433	218	306	321	362	383	233	147	151	1003	325	537	654	398	474	472	278	233	308	586
Exiguobacterium	14	7	6	2	1	0	1	11	6	3	1	11	3	6	924	1	1	8	0	4	10	3	49	0	1	0	55	1	2	0	0	2	0	2	2	5	1	0	73	5	1	0	3	8	0	1	2	1
Marinobacterium	0	1	7	0	1	1	2	877	0	1	3	1	0	1	1	1	0	2	0	0	11	1	0	0	2	0	0	0	1	0	0	0	0	1	1	0	0	0	17	0	0	0	0	0	0	0	0	0
Sphingomonas	41	82	726	45	108	38	205	159	55	40	42	168	33	143	336	31	37	124	72	110	116	29	46	197	16	19	25	31	24	10	11	70	34	12	37	66	17	12	18	32	12	57	69	84	31	70	39	21
Lactococcus	1	5	20	0	717	0	0	1	1	0	3	66	6	4	3	2	1	6	18	4	3	0	19	0	1	7	1	3	1	0	1	5	1	0	0	1	0	0	1	3	0	5	0	0	0	0	1	0
Nitratireductor	130	194	131	193	110	201	275	156	313	205	236	139	181	237	689	267	214	222	273	160	207	176	188	116	103	131	70	71	90	92	70	160	71	82	51	45	68	434	168	280	285	154	202	191	105	154	141	373
unidentified_Spirochaetaceae	1	0	6	0	0	0	0	1	2	0	2	1	0	1	0	0	0	0	0	4	4	0	0	3	3	0	0	1	0	0	0	1	2	0	0	0	663	0	2	6	2	2	1	0	1	1	4	0
Thiopseudomonas	0	0	2	1	0	0	0	602	0	1	2	0	1	0	1	0	0	0	2	0	3	0	0	0	1	1	0	2	0	0	0	0	0	0	0	0	0	0	0	0	0	0	0	0	0	0	0	0
unidentified_Prevotellaceae	0	8	33	9	2	21	0	9	2	7	66	22	0	7	20	0	8	25	1	3	3	0	3	0	2	2	3	3	0	16	1	8	1	0	0	577	225	1	3	4	25	53	2	4	11	0	2	0
Weissella	0	0	5	0	566	0	20	20	1	0	0	131	6	5	0	2	2	1	8	4	1	1	12	1	3	0	1	0	1	0	0	4	0	0	1	4	0	0	0	34	0	0	0	1	1	0	0	9
Taibaiella	305	284	221	307	186	215	273	434	365	552	145	261	67	130	351	122	136	63	130	197	509	51	106	95	114	119	179	136	200	64	293	189	98	192	94	131	64	215	114	200	197	125	197	169	84	89	184	204
Bosea	92	120	214	88	136	116	226	227	213	163	265	78	175	86	410	183	256	232	372	247	70	277	146	231	49	75	120	115	215	21	57	112	201	146	110	96	109	214	343	287	397	205	467	551	147	176	203	272
Leuconostoc	0	3	8	1	537	0	1	3	0	0	1	85	2	1	1	0	4	1	6	2	1	0	4	0	0	0	2	0	0	0	0	0	0	0	1	0	0	0	0	2	0	0	0	0	0	0	0	0
Bacteroides	33	103	481	6	25	9	14	69	13	23	56	104	15	107	32	3	11	198	267	28	404	52	71	3	98	232	14	11	7	15	40	18	11	6	40	207	207	31	28	180	55	48	73	29	65	20	81	73
Roseburia	0	9	13	0	0	1	4	4	3	0	1	2	2	9	6	0	1	6	5	0	2	1	3	0	2	11	0	0	0	0	0	0	1	0	0	4	432	0	0	0	9	2	1	1	2	0	2	1
Microbacterium	148	197	413	174	219	154	298	269	321	200	135	89	68	79	202	91	134	52	95	111	70	42	187	135	19	13	12	13	7	9	12	6	9	2	13	9	17	9	4	12	9	10	26	8	13	16	4	5
Subdoligranulum	1	0	9	2	3	10	0	1	2	0	7	3	0	3	1	0	0	1	43	2	1	1	8	2	0	0	0	0	0	0	7	1	1	0	0	4	372	0	4	1	9	7	7	7	6	2	8	2
unidentified_Erysipelotrichaceae	4	0	16	1	2	9	1	1	1	0	1	4	4	1	313	1	0	0	1	0	8	1	23	1	2	0	30	2	0	0	2	1	2	0	0	3	2	4	25	7	3	2	1	4	8	2	6	0
Halomonas	0	0	2	0	0	0	1	279	0	0	0	0	1	2	0	0	1	0	0	6	0	1	2	0	0	0	0	1	0	0	0	2	0	1	0	2	0	0	0	0	0	0	0	0	1	0	0	0
Alloprevotella	15	8	31	3	2	4	9	7	4	0	4	11	0	2	0	0	0	102	5	3	101	19	0	1	4	0	2	8	0	2	0	13	2	4	2	1	258	7	13	20	13	23	12	10	14	3	10	24
Pseudomonas	3	25	35	7	0	4	8	34	9	3	8	132	7	18	180	5	18	12	14	257	2	1	16	2	2	3	21	2	9	3	7	6	6	3	8	11	3	2	18	3	7	0	7	8	1	0	4	3
Terrisporobacter	0	0	2	0	0	1	1	0	0	0	0	4	0	0	2	0	0	1	1	2	1	0	0	0	0	0	0	0	0	0	0	0	0	0	0	1	240	1	1	0	1	0	0	0	0	2	0	3
unidentified_Corynebacteriaceae	4	13	71	35	121	80	133	160	228	63	156	138	5	25	2	31	64	233	94	79	15	5	26	33	9	15	38	27	35	50	40	44	58	31	44	47	4	24	35	48	54	84	68	53	84	77	65	41
Staphylococcus	1	152	30	2	11	5	5	16	221	6	1	7	1	143	4	0	1	159	3	7	1	5	0	0	38	116	0	1	0	1	1	4	2	6	1	0	12	2	0	2	1	5	0	5	7	6	5	9
Ochrobactrum	96	120	96	64	63	60	83	49	90	100	137	29	117	46	213	82	111	55	107	81	47	66	71	47	41	32	37	49	45	15	52	46	36	53	34	32	15	21	10	13	19	6	13	13	6	2	4	20
Porphyromonas	0	0	46	0	0	0	0	2	1	1	0	1	0	0	0	0	0	2	1	2	172	1	0	0	26	0	0	1	0	0	0	2	0	0	1	0	0	0	2	75	0	0	1	2	0	1	0	0
unidentified_Ignavibacteria	0	0	0	1	8	0	0	1	0	0	0	169	0	0	0	0	0	0	0	0	0	0	1	0	0	0	0	0	0	0	0	8	0	0	1	0	0	0	0	0	0	0	0	0	1	0	0	0
Faecalibacterium	2	38	48	2	4	72	1	11	3	3	2	17	0	33	18	1	8	10	0	9	0	3	16	1	3	33	1	2	1	3	0	2	1	1	2	28	164	1	1	3	5	8	5	3	4	5	0	1
Enterococcus	0	8	71	141	162	2	5	23	3	1	1	91	1	8	5	0	2	4	10	11	3	2	1	67	4	3	0	0	0	1	0	3	1	1	0	2	0	3	1	1	0	4	2	5	1	6	1	1
Phascolarctobacterium	0	3	10	0	0	2	2	3	0	0	0	1	1	0	0	0	2	4	1	0	3	9	0	0	1	8	0	0	0	2	0	0	0	1	0	9	152	0	1	1	4	15	1	0	0	1	2	0
Alistipes	20	2	29	2	2	1	2	12	5	2	6	8	4	4	16	0	2	140	38	23	146	39	2	1	1	1	1	1	0	1	2	11	1	0	4	83	2	2	2	12	5	2	9	4	5	5	2	5
Reyranella	0	3	145	2	1	0	2	1	0	0	4	0	0	2	0	0	1	0	1	7	2	1	0	0	0	0	0	1	0	3	0	0	0	3	0	0	0	3	8	0	0	0	0	1	0	1	0	1
Paeniclostridium	1	3	2	0	0	0	0	2	1	0	2	1	1	1	143	1	1	1	0	1	5	0	3	0	0	1	6	1	1	1	1	0	0	0	0	0	0	0	9	0	0	0	0	0	0	0	0	0
Sphingobacterium	2	2	68	2	3	11	23	133	12	12	12	124	1	2	5	2	3	11	12	58	2	5	1	0	0	0	4	0	3	4	11	31	3	3	3	18	0	37	1	1	6	14	7	41	3	10	4	23
Hyphomicrobium	1	1	131	0	0	0	0	0	0	0	1	1	0	0	0	0	0	0	0	0	0	0	2	0	0	1	0	0	0	1	0	0	0	0	0	0	0	1	2	1	0	1	1	1	0	2	2	5
Moraxella	22	4	5	4	2	2	2	1	4	0	4	7	1	127	61	0	2	18	1	5	6	3	2	0	0	0	1	0	1	1	0	3	15	3	0	1	0	1	1	3	6	2	12	2	12	11	0	0
Delftia	22	40	124	42	72	18	65	67	26	29	13	69	11	110	117	13	30	63	28	68	82	21	18	28	17	15	10	12	7	2	9	13	21	7	26	21	23	19	22	23	21	20	22	25	29	49	35	42
Romboutsia	9	5	31	1	0	7	1	17	0	1	1	2	3	4	76	0	0	6	3	1	14	0	2	1	2	0	5	0	0	2	1	2	4	0	0	1	121	1	3	2	2	1	1	0	2	0	1	0
Candidatus_Kuenenia	0	0	0	0	8	1	0	0	0	0	2	117	0	0	0	0	0	0	0	0	0	0	2	0	0	0	0	0	0	0	0	7	0	0	0	0	0	0	0	0	0	0	0	0	0	0	0	0
Parasutterella	1	1	11	114	0	0	0	4	3	0	1	6	0	3	4	0	0	7	7	1	4	1	0	0	1	6	2	2	0	0	0	2	0	0	0	16	4	3	1	8	3	7	2	1	5	5	3	2
Acinetobacter	3	30	63	2	5	14	11	111	21	13	10	96	0	15	57	5	4	36	17	35	23	7	1	10	5	15	5	1	1	5	6	46	3	3	4	21	3	16	8	4	1	5	7	27	7	8	8	11
unidentified_Enterobacteriaceae	5	15	60	1	0	0	2	14	2	1	5	108	0	7	13	0	0	1	53	5	10	2	1	1	0	6	0	2	0	1	7	2	0	1	5	2	9	17	16	13	24	12	20	11	14	17	23	17
unidentified_Ruminococcaceae	8	11	49	0	5	4	3	4	3	1	3	17	2	13	9	0	4	56	40	8	22	14	5	3	6	5	3	0	1	6	5	2	1	0	7	77	108	1	4	14	9	8	7	3	2	6	7	0
Amphiplicatus	0	0	103	0	0	0	0	0	0	0	2	0	1	0	0	0	0	0	0	1	0	0	0	0	0	0	0	0	0	1	0	0	0	1	0	0	0	0	0	0	0	0	0	0	0	0	0	0
Blautia	2	73	28	2	3	27	1	14	3	3	1	14	0	56	1	0	1	0	24	13	4	1	4	1	9	32	0	0	0	1	4	10	3	0	1	17	103	2	3	1	3	2	4	10	4	5	5	4
Pseudoflavitalea	22	52	37	52	20	17	26	39	61	93	9	39	21	15	34	26	24	20	21	45	51	25	17	43	8	28	33	16	18	5	31	35	19	33	29	24	33	33	39	52	44	36	48	28	34	34	42	40
Helicobacter	23	3	8	1	0	2	0	5	1	0	7	6	0	0	2	0	2	3	1	4	90	17	1	0	0	0	1	0	1	0	2	8	2	0	1	0	6	4	0	2	4	3	4	5	2	7	4	2
unidentified_Nitrosomonadaceae	0	0	87	0	4	0	0	7	0	0	0	6	0	0	0	0	0	1	0	0	5	1	0	0	0	0	0	0	0	0	0	0	0	1	0	0	1	8	7	4	6	5	4	12	2	7	1	2
Phreatobacter	29	42	58	29	30	46	68	87	43	42	56	21	19	10	56	17	31	8	12	28	9	13	21	11	5	5	15	16	5	2	7	6	4	5	7	3	2	5	2	2	8	4	13	14	2	6	3	4
Parabacteroides	12	4	41	0	2	0	3	2	1	0	3	8	0	5	9	0	2	33	55	5	36	2	9	1	5	8	2	1	0	1	8	3	0	0	7	13	86	3	1	10	2	11	13	2	5	0	3	2
Caproiciproducens	0	0	1	0	84	0	0	0	0	0	0	9	0	0	0	0	0	3	7	0	0	0	2	0	0	0	0	1	0	0	0	0	1	0	0	0	0	0	2	0	0	0	0	0	0	0	1	0
Holdemanella	1	2	1	82	0	0	0	0	1	0	4	0	0	1	0	0	0	1	37	0	0	0	0	0	0	0	0	0	0	1	3	0	0	0	1	0	18	0	0	0	0	3	5	0	0	0	8	0
unidentified_Lachnospiraceae	6	21	44	5	3	26	2	6	2	6	12	8	0	21	9	0	2	20	62	14	30	1	2	2	13	11	0	2	0	1	6	1	3	1	11	10	78	10	9	18	9	5	9	1	11	7	10	3
Fusobacterium	3	1	48	0	5	0	2	2	2	0	0	8	0	25	11	0	0	10	5	2	76	8	10	3	18	1	0	0	0	0	0	0	0	0	2	2	1	0	1	44	5	1	0	0	3	0	0	1
Desulfovibrio	2	3	15	0	1	0	0	0	0	0	2	1	0	1	1	1	0	0	1	0	76	0	0	0	0	1	0	0	0	0	0	0	0	0	0	0	0	0	1	4	1	0	3	2	0	0	0	0
Psychrobacter	0	4	70	0	5	6	12	70	8	7	3	73	0	2	5	0	6	18	7	42	3	1	2	1	0	1	2	0	1	1	3	14	4	9	3	18	1	10	0	0	4	3	3	26	2	5	7	12
unidentified_Rickettsiales	2	2	6	0	71	1	2	2	1	0	1	3	0	3	26	0	0	4	1	0	1	0	0	0	1	1	0	0	0	0	1	1	0	0	0	0	0	0	0	0	6	0	0	0	12	0	0	1
Rhizorhapis	0	0	70	0	0	0	0	0	0	0	0	0	0	0	0	0	0	0	1	0	0	0	0	0	0	0	0	0	0	0	0	0	0	0	0	0	0	0	0	0	0	0	0	0	0	0	0	0
Micrococcus	0	1	67	0	0	2	0	3	0	0	3	3	0	1	2	0	1	2	0	4	2	0	0	0	0	0	0	3	0	0	0	0	0	0	0	2	0	0	0	2	0	0	0	1	0	0	0	1
Lysinibacillus	0	6	14	0	0	0	0	67	1	1	1	3	0	4	1	0	0	5	1	3	1	0	0	0	0	1	0	1	0	0	0	1	0	0	0	1	0	0	3	1	0	0	0	3	0	0	1	0
Cetobacterium	2	1	3	0	0	0	0	0	0	0	1	0	0	1	66	0	1	0	0	0	2	0	3	0	0	1	1	0	0	0	0	1	1	0	0	2	0	0	10	1	0	0	2	0	0	0	1	0
Tyzzerella	0	0	0	0	1	0	1	0	0	0	0	1	0	0	0	0	0	1	0	0	4	2	1	0	0	0	0	0	0	0	0	0	0	0	0	0	64	0	0	0	0	0	0	0	0	0	0	0
Neisseria	1	0	61	0	1	0	1	6	1	1	2	0	2	0	6	0	4	3	0	3	0	3	5	0	1	1	1	7	0	4	2	3	1	0	1	3	1	0	6	0	1	0	1	1	0	3	0	0
Brevundimonas	2	3	8	0	2	0	10	10	2	0	3	26	0	5	55	0	4	1	4	8	1	2	4	1	3	0	0	2	0	0	0	1	2	1	2	1	0	0	4	1	0	2	1	0	0	2	4	2
Pedomicrobium	1	3	55	2	0	0	0	2	1	0	1	3	0	2	0	0	0	0	0	0	2	0	0	0	1	0	0	0	0	4	0	0	0	0	0	0	0	0	5	1	0	0	0	1	0	0	0	2
Rubrivivax	1	1	53	0	1	0	0	2	0	0	1	1	1	1	0	2	0	2	0	4	2	2	0	0	1	0	0	0	0	2	0	1	0	0	0	2	2	2	6	5	1	3	2	1	1	0	2	2
Methylomagnum	0	0	0	0	0	0	0	0	0	0	0	0	0	0	0	0	0	0	0	0	0	0	0	0	0	0	0	0	0	0	0	0	0	0	0	0	34	39	46	32	39	35	47	53	47	29	40	30
Fermentimonas	0	0	0	0	0	0	0	52	0	0	0	0	0	1	0	0	0	0	0	0	0	0	0	0	0	0	0	0	0	0	0	1	0	0	0	0	0	0	0	0	0	0	0	0	0	0	0	0
Dielma	2	0	2	0	0	2	0	1	0	0	0	0	0	0	51	0	0	0	0	0	2	0	4	0	0	1	4	0	0	0	0	0	0	0	0	1	0	0	2	1	0	0	0	0	0	0	0	0
Methylomonas	0	0	0	0	0	0	0	1	0	0	0	0	0	0	0	0	0	0	0	0	0	0	0	0	0	0	0	0	0	0	0	0	0	0	0	0	38	25	40	41	43	38	41	50	36	36	45	37
Haliangium	1	0	15	1	11	0	0	2	0	0	5	49	0	1	0	0	0	0	4	4	4	0	0	0	0	0	0	0	0	3	1	3	1	1	0	0	0	0	5	1	0	0	0	0	0	0	0	1
Denitratisoma	1	0	2	2	19	0	0	3	0	0	0	49	0	0	1	0	0	0	0	0	0	0	3	0	1	0	0	0	0	0	0	0	0	0	0	0	18	16	18	13	14	14	14	16	21	17	17	18
Agathobacter	0	0	0	0	0	3	0	0	0	0	0	0	0	0	0	0	0	0	0	0	0	0	0	0	0	0	0	0	0	0	0	0	0	0	0	0	49	0	0	0	0	1	0	0	0	0	0	0
Acidibacter	0	0	48	1	0	0	5	9	0	0	15	3	0	0	1	0	0	6	0	2	9	0	0	0	0	0	0	1	2	5	0	4	0	1	17	2	3	0	27	1	0	0	0	3	1	1	0	1
unidentified_Acidobacteria	1	2	48	1	0	0	2	10	0	0	4	3	0	3	1	0	0	1	0	0	2	0	0	0	1	0	0	0	0	1	0	1	0	0	0	0	0	0	5	0	0	0	0	1	1	1	0	0
Akkermansia	26	2	48	0	0	1	1	3	0	0	0	7	11	1	5	0	1	1	2	1	23	0	1	1	7	0	0	1	4	0	0	0	0	0	0	2	12	14	26	29	18	14	18	19	11	14	13	10
Mycobacterium	0	0	16	6	0	0	0	2	0	0	11	4	0	0	0	0	0	3	0	2	20	0	1	0	1	0	1	0	0	19	1	1	0	6	1	4	1	0	47	0	0	0	0	0	0	0	0	0
Negativibacillus	0	0	1	0	0	0	0	0	0	0	0	0	0	0	0	0	0	0	0	0	0	0	0	0	0	0	0	0	0	0	0	0	0	0	0	0	46	0	0	0	0	1	0	0	0	0	0	0
Parapedobacter	12	15	13	9	3	22	15	30	19	30	10	10	3	3	3	4	4	7	4	4	5	3	4	4	20	25	20	5	11	9	10	32	4	14	46	15	5	11	7	7	7	12	4	8	4	1	2	9
Pantoea	2	4	5	0	0	0	0	1	1	0	0	34	1	0	45	0	1	3	0	1	0	6	2	0	0	2	1	1	0	0	0	0	0	0	1	2	1	0	3	1	3	0	1	0	7	0	1	0
Faecalibaculum	41	3	0	0	0	0	0	1	1	1	0	0	12	3	6	0	2	0	0	0	44	0	0	0	13	0	1	0	0	0	0	0	0	0	1	0	8	0	0	11	0	0	1	1	0	0	0	4
Massilia	1	0	6	1	0	0	0	2	0	0	2	4	1	0	42	0	0	2	4	4	1	0	1	0	0	0	3	0	5	1	0	0	1	0	1	0	0	0	3	1	0	1	0	2	0	0	0	0
Nordella	0	0	42	0	1	0	0	5	0	0	0	2	0	1	0	0	0	0	0	1	0	0	0	0	0	0	0	0	0	2	0	0	0	0	0	0	0	0	0	0	0	0	0	0	0	0	1	0
Ralstonia	2	2	25	41	4	0	4	2	1	0	0	1	0	2	11	0	6	3	0	1	0	0	2	1	3	0	2	0	0	0	0	0	1	0	3	0	1	0	0	1	0	1	1	2	0	2	0	1
Dongia	0	0	41	0	2	0	0	2	0	0	0	1	0	1	0	0	1	1	0	1	1	0	0	0	0	0	0	0	0	0	0	0	0	0	0	0	0	1	0	0	0	0	0	0	0	0	0	1
Vibrio	0	4	22	1	0	0	2	3	2	4	4	4	0	10	3	0	0	1	5	2	3	0	0	0	1	1	5	0	0	0	1	1	40	1	0	0	0	0	0	0	0	0	1	1	0	3	1	0
Haemophilus	1	1	40	0	0	2	0	4	0	0	0	1	0	1	3	0	3	3	0	1	28	9	1	0	1	0	0	0	0	0	0	6	0	0	0	0	0	0	3	0	0	2	3	1	0	1	0	0
Terrimonas	0	7	40	0	1	0	2	0	1	0	1	1	0	11	0	0	0	0	3	2	0	3	0	4	0	0	0	0	0	0	2	1	0	3	1	1	2	2	3	1	3	1	6	8	1	6	8	3
Arenimonas	0	0	39	0	0	0	0	0	0	0	1	0	0	0	0	0	0	0	0	0	0	0	0	0	0	0	1	1	0	0	0	0	0	0	0	0	2	2	8	4	3	4	6	9	2	6	2	3
Nannocystis	0	0	37	0	0	0	0	0	0	0	0	1	0	0	0	0	0	0	1	0	0	0	0	0	0	0	0	0	0	0	0	0	0	0	0	0	0	0	1	0	0	0	0	0	0	0	0	0
Barnesiella	0	1	7	0	0	0	2	0	1	1	1	1	0	0	0	0	0	1	37	0	1	0	0	0	0	0	0	0	1	0	1	1	0	0	3	1	0	0	0	0	0	0	6	0	0	0	2	0
Dorea	0	1	6	0	2	7	1	1	0	0	3	5	0	3	1	0	0	7	0	0	2	0	0	1	0	1	0	0	0	0	0	0	0	0	0	2	37	2	0	0	1	0	0	0	0	4	0	0
Collinsella	0	0	5	35	0	4	0	0	0	0	2	0	0	1	0	0	0	1	0	1	0	0	0	0	0	0	0	0	0	0	0	0	0	0	0	0	7	0	0	0	0	2	0	0	0	0	0	0
Flavobacterium	0	6	35	0	0	4	5	23	3	1	4	20	0	1	0	0	2	3	0	12	4	0	2	1	2	1	0	1	1	0	0	15	1	0	2	4	1	3	7	2	2	2	2	10	1	3	2	6
Moheibacter	0	2	0	0	0	0	0	35	0	0	0	0	0	0	0	0	0	0	0	0	0	0	0	0	0	0	1	0	0	0	0	0	0	0	0	0	0	0	0	0	0	0	0	0	0	0	0	0
Odoribacter	8	2	6	1	0	0	0	4	0	1	0	1	0	0	0	0	0	1	1	1	34	6	0	0	0	0	1	0	0	0	3	5	1	0	0	9	0	1	0	2	0	1	0	2	5	0	0	1
Mariniphaga	0	0	0	0	0	0	0	34	0	0	0	0	0	0	0	0	0	0	0	0	0	0	0	0	0	0	0	0	0	0	0	0	0	0	0	0	0	0	0	0	0	0	0	0	0	0	0	0
Aureimonas	0	1	1	0	0	0	0	1	0	0	0	2	0	0	33	0	0	0	0	0	0	0	2	0	0	0	4	0	0	0	0	0	1	0	0	0	0	0	3	0	0	0	0	0	0	0	0	0
Lachnoclostridium	1	2	33	0	12	2	3	10	0	1	1	3	2	8	5	0	0	2	0	2	33	1	0	0	1	3	0	1	1	0	0	2	0	0	2	3	5	0	0	2	2	4	0	0	3	3	1	2
Paracoccus	0	0	1	0	2	0	0	0	1	0	4	3	1	1	32	0	2	4	1	1	1	0	2	4	1	0	0	0	0	1	0	0	0	0	0	1	0	0	2	0	0	0	1	1	1	0	1	0
Bradyrhizobium	0	0	25	0	1	0	0	0	0	0	0	1	0	0	0	1	1	0	0	0	1	0	0	0	0	0	0	0	0	0	0	0	0	0	0	0	0	0	2	0	0	0	0	0	0	0	0	0
Deinococcus	1	0	4	0	0	0	0	0	0	0	0	0	0	0	24	0	0	0	0	0	0	0	1	0	0	0	4	0	1	0	0	0	0	0	0	0	0	0	2	0	0	1	0	1	0	0	0	0
Mucispirillum	5	0	3	0	0	1	0	1	0	2	0	1	0	1	0	0	0	1	0	1	24	2	0	0	0	0	0	1	0	0	0	4	0	0	2	0	0	0	0	2	0	0	0	0	0	0	0	3
Stenotrophobacter	0	2	24	1	0	0	0	1	0	0	0	0	0	0	0	0	0	0	0	0	2	0	0	0	0	0	0	0	0	1	0	0	0	0	0	0	3	3	2	1	0	4	1	1	1	1	1	3
Pirellula	0	0	0	0	2	0	0	0	0	0	0	24	0	0	0	0	0	0	0	0	0	0	0	0	0	0	0	0	0	0	0	0	0	0	0	0	0	0	0	0	0	0	0	0	0	0	0	0
Candidatus_Udaeobacter	0	0	3	2	0	0	0	2	0	1	3	0	0	0	0	0	0	3	0	0	9	0	0	0	0	0	0	0	0	5	0	0	0	1	5	2	0	0	23	0	0	0	0	0	0	0	0	0
Desulfuromonas	0	0	0	0	0	0	0	23	0	0	0	0	0	0	0	0	0	0	0	0	0	0	0	0	0	0	0	0	0	0	0	0	0	0	0	0	0	0	0	0	0	0	0	0	0	0	0	0
Sphingobium	0	0	23	0	0	0	0	0	0	0	0	3	0	0	0	0	0	0	0	0	0	0	0	0	0	0	0	0	0	0	0	0	0	0	0	0	0	0	0	0	0	0	0	0	0	1	0	0
Leifsonia	11	6	20	6	9	8	23	14	19	21	16	11	5	4	8	2	6	6	12	9	8	7	10	5	0	2	8	7	5	3	2	6	6	3	6	4	10	9	15	6	13	17	12	22	15	13	16	20
Ferruginibacter	0	0	21	0	0	0	0	1	0	0	1	0	0	2	0	0	0	0	0	0	2	0	0	0	0	0	0	0	0	1	0	0	0	1	0	0	14	12	9	15	13	14	12	19	15	14	14	23
Cutibacterium	2	0	23	0	0	0	0	2	2	0	0	4	0	0	1	0	0	2	0	3	1	0	0	0	1	0	0	1	0	0	0	1	2	1	2	0	0	0	0	1	0	0	0	1	0	2	0	0
Chryseolinea	0	0	9	1	5	0	0	1	0	0	0	23	0	0	0	0	0	0	0	0	0	0	1	0	0	0	0	0	0	0	0	1	0	0	0	0	0	0	2	0	0	0	2	0	2	0	0	0
Paraprevotella	0	0	0	0	0	0	0	0	0	0	2	0	0	1	1	0	0	0	23	0	0	0	0	0	0	0	0	0	0	0	2	0	0	0	1	0	0	0	0	0	0	0	0	0	0	0	0	0
Sutterella	0	1	1	0	2	0	0	0	1	0	0	1	0	0	0	0	1	5	0	0	0	0	5	0	0	0	0	1	0	3	0	1	0	0	0	22	3	0	0	1	1	5	0	0	0	0	0	3
Patulibacter	1	4	2	3	7	8	13	4	5	4	11	5	4	5	22	2	2	4	4	15	3	3	0	4	4	1	0	1	2	2	3	2	1	0	0	0	4	0	3	2	0	1	3	2	3	3	1	2
Marvinbryantia	0	0	0	0	0	0	0	0	0	0	0	0	0	0	0	0	0	10	0	0	1	0	0	0	0	0	0	0	0	0	0	1	0	0	0	0	22	0	0	0	0	0	0	0	0	1	0	0
Actinomyces	0	0	21	0	0	0	0	4	0	0	0	2	0	0	0	0	1	2	0	0	0	0	0	0	0	0	0	0	0	1	0	0	0	0	1	0	1	0	0	1	0	0	0	0	0	0	0	0
Paenibacillus	0	0	0	2	0	0	0	0	0	0	0	21	0	0	0	1	0	0	0	0	3	0	0	0	0	0	0	0	0	0	0	0	0	0	0	0	0	1	0	1	0	0	0	0	0	0	0	0
Butyricicoccus	0	0	1	0	0	2	0	1	0	0	0	2	0	2	1	0	0	4	0	1	1	0	3	0	0	2	0	0	0	0	0	0	0	0	0	0	21	0	0	3	2	0	0	0	0	0	0	0
Enterorhabdus	0	2	2	0	0	1	0	1	0	0	0	0	0	0	0	0	0	1	0	0	21	0	0	0	0	0	0	0	0	0	0	0	0	4	0	0	0	1	0	0	0	2	1	0	0	1	0	0
Gemella	0	2	20	0	0	0	1	2	1	0	0	2	2	2	2	0	0	0	2	3	0	0	1	0	2	0	1	1	0	0	0	2	0	0	0	0	0	0	0	0	1	0	0	1	0	0	0	0
Dolosigranulum	1	3	0	2	8	5	2	11	16	6	0	15	0	0	20	0	3	19	4	5	0	0	4	3	1	3	4	2	3	4	2	3	6	6	2	0	0	0	1	0	1	1	7	2	5	5	2	1
Afipia	0	5	19	2	1	5	10	6	1	9	5	15	7	3	11	4	5	3	0	9	5	0	2	2	1	1	0	1	2	1	0	2	0	0	1	1	0	0	3	2	0	3	2	4	0	6	6	2
Oscillibacter	6	0	1	0	0	0	0	1	0	0	2	2	0	2	0	0	2	10	0	4	19	3	0	0	0	0	0	0	2	0	0	0	0	0	0	0	0	1	1	3	2	0	1	0	1	1	2	1
Candidatus_Solibacter	0	1	5	1	0	0	0	3	0	0	5	2	0	0	0	0	0	2	0	0	4	0	0	1	0	0	0	0	0	1	0	0	0	0	6	0	0	0	18	0	0	0	0	0	0	0	0	0
Bacillus	0	1	16	4	0	3	0	5	0	0	0	2	0	1	3	0	0	1	0	1	9	0	0	0	0	0	0	1	0	4	0	0	0	5	0	1	0	0	18	0	0	0	0	1	0	0	0	0
unidentified_Bacteria	0	5	2	0	1	0	0	3	0	0	0	18	0	1	2	0	0	0	0	0	0	0	0	0	0	2	0	0	0	0	0	1	0	0	0	1	1	0	0	0	0	0	2	0	0	3	0	0
Sphaerochaeta	0	0	0	0	0	0	0	17	0	0	0	0	0	0	0	0	0	0	0	0	0	0	0	2	0	0	0	0	0	0	0	0	0	0	0	0	10	0	0	0	0	0	0	0	0	0	0	0
Aridibacter	0	0	17	1	0	0	0	0	0	0	1	0	0	0	0	0	0	0	0	0	0	0	0	0	0	0	0	0	0	0	0	0	0	0	0	0	0	0	1	0	0	0	0	0	0	0	0	0
Solirubrobacter	1	0	17	3	0	0	0	0	0	0	2	0	0	0	0	0	0	0	0	0	2	0	0	0	0	0	0	0	0	6	0	0	0	1	0	1	1	0	7	0	0	0	0	0	0	0	1	0
Lachnospira	5	1	0	0	2	0	0	0	0	2	0	1	0	0	1	0	2	1	0	0	0	0	2	0	0	0	0	0	0	0	1	0	0	0	0	2	17	1	0	0	1	0	0	0	1	0	0	1
Methanocalculus	0	0	0	0	0	0	0	17	0	0	0	0	0	0	0	0	0	0	0	0	0	0	0	0	0	0	0	0	0	0	0	0	0	0	0	0	0	0	0	0	0	0	0	0	0	0	0	0
Halothiobacillus	0	0	0	0	0	0	0	17	0	0	0	1	0	0	0	0	0	0	0	0	0	0	1	0	0	0	0	0	0	0	0	0	0	0	0	0	0	0	0	0	0	0	0	0	0	0	0	0
Allisonella	0	0	0	4	0	0	0	0	0	0	0	1	0	0	0	0	0	0	0	0	0	0	0	0	0	0	0	0	0	0	0	0	0	0	0	3	17	0	0	0	0	0	0	1	0	0	0	0
Loktanella	0	0	0	0	0	0	0	0	0	0	0	1	0	0	0	0	0	0	0	17	0	0	0	0	0	0	0	0	0	0	0	2	0	0	0	0	0	0	0	0	0	0	0	0	0	0	0	0
Brachybacterium	0	16	3	0	0	0	0	0	0	0	3	3	0	11	0	0	0	1	0	1	0	1	0	0	2	4	0	0	0	0	0	0	1	0	0	1	0	0	0	1	0	0	0	0	0	0	0	0
Methylobacterium	0	2	8	0	4	0	0	3	2	0	1	5	0	0	10	0	1	1	0	0	3	0	0	0	0	0	0	0	0	0	0	0	0	0	1	1	0	1	1	1	16	0	0	1	1	0	0	1
Candidatus_Xiphinematobacter	0	0	8	6	0	0	0	2	0	0	16	0	0	0	0	0	0	5	0	1	12	0	0	0	0	0	0	0	0	0	0	0	0	2	0	0	0	0	15	0	0	0	0	0	0	0	0	0
Caulobacter	0	0	15	0	0	0	0	0	1	0	1	0	0	0	3	0	0	0	1	1	0	0	0	0	0	0	0	0	0	0	0	0	0	1	0	0	1	1	0	0	0	0	1	1	0	1	0	0
Erysipelatoclostridium	0	5	15	8	0	0	0	0	1	0	0	1	0	8	1	0	0	2	1	0	4	0	0	0	0	2	0	2	0	0	0	0	0	0	0	0	2	0	1	3	6	0	1	5	4	4	1	0
unidentified_Burkholderiaceae	0	1	5	0	0	0	0	1	1	0	0	0	0	4	0	0	0	0	1	0	0	0	0	0	0	0	0	0	0	0	0	0	0	1	10	0	5	4	4	5	6	5	0	1	15	2	6	2
unidentified_Bacteroidales	0	0	0	1	0	0	0	0	0	0	0	0	0	0	0	0	0	0	0	0	0	0	0	0	0	0	0	0	0	0	0	0	0	1	0	1	15	0	0	0	0	0	0	0	0	0	0	0
Thiobacillus	0	0	1	0	0	0	0	14	0	0	1	3	0	1	4	0	0	0	1	1	1	0	0	0	0	0	0	0	0	0	0	1	0	0	0	1	1	0	1	0	0	0	1	0	0	0	1	0
unidentified_Deltaproteobacteria	0	0	14	0	0	0	0	1	0	0	0	0	0	0	0	0	0	0	0	0	1	0	0	0	0	0	0	0	0	0	0	0	0	0	0	0	0	0	0	0	0	0	0	0	0	0	0	0
Agromyces	4	14	9	6	5	6	5	4	7	6	4	5	0	10	0	5	14	3	1	1	5	3	11	2	1	3	0	0	0	0	1	0	0	0	0	1	2	2	1	2	2	3	0	1	0	0	0	1
Cloacibacterium	4	1	13	0	0	0	0	1	0	0	0	4	0	0	5	0	2	0	0	0	1	4	1	0	0	0	2	0	0	0	0	1	0	1	2	3	2	0	0	0	2	1	0	0	0	0	0	0
Methanosaeta	2	1	1	0	0	0	0	0	0	0	0	0	0	0	1	0	0	0	0	1	0	0	0	13	4	0	0	0	0	0	0	0	0	0	0	0	0	0	0	0	0	0	0	0	0	0	0	0
Aeromicrobium	0	0	13	0	0	0	1	2	0	0	0	0	0	0	0	0	0	0	0	0	0	0	0	0	0	0	0	0	0	1	0	0	0	0	0	0	0	0	0	0	0	0	0	0	0	1	0	0
unidentified_Chloroflexi	0	0	0	0	1	0	0	0	0	0	0	13	1	0	0	0	0	0	0	0	1	0	0	0	0	0	0	0	0	0	0	3	0	0	0	0	0	0	0	0	2	0	1	1	0	0	0	0
Megamonas	0	1	12	2	3	1	1	0	0	0	0	4	1	0	2	0	0	4	0	0	0	0	5	0	0	0	0	0	0	0	0	0	0	0	0	0	1	0	0	0	0	1	0	0	1	0	0	0
Candidatus_Ovatusbacter	0	0	12	0	0	0	0	0	0	0	0	0	0	0	0	0	0	0	0	0	0	0	0	0	0	0	0	0	0	0	0	0	0	0	0	0	0	0	0	0	0	0	0	0	0	0	0	0
Phenylobacterium	0	0	12	2	0	1	0	0	1	0	2	2	0	0	0	0	0	0	0	0	1	1	0	0	0	0	0	0	0	0	0	0	0	0	1	1	0	0	0	0	0	0	0	2	0	0	0	0
unidentified_Christensenellaceae	1	0	0	0	0	0	0	0	0	0	1	0	0	0	0	0	0	0	12	0	0	0	0	0	0	0	0	0	0	0	0	0	0	0	2	0	0	0	0	1	0	0	1	0	0	0	1	0
Geobacillus	1	2	5	0	0	0	0	12	2	1	1	3	0	3	0	0	2	1	0	1	2	0	0	0	0	1	0	0	0	0	2	4	0	0	0	1	0	0	0	0	0	0	0	0	1	0	0	0
Conexibacter	0	1	4	2	1	0	1	12	0	1	3	7	0	1	0	0	1	0	0	0	6	0	0	1	0	0	0	1	0	4	0	4	0	0	4	1	0	0	4	1	0	0	0	1	0	0	0	0
Turicibacter	6	0	3	0	0	0	1	2	0	0	2	0	2	5	1	1	0	1	1	0	6	0	1	0	2	0	0	0	0	1	0	0	1	0	0	0	12	0	1	4	0	0	0	0	1	1	0	0
Aeromonas	0	4	10	0	0	0	0	0	0	0	0	0	0	1	12	0	1	1	0	2	1	0	1	0	1	3	0	0	0	0	0	1	1	0	0	0	0	0	0	0	0	0	0	0	0	0	0	0
Adhaeribacter	0	0	11	0	0	0	0	0	1	0	0	0	0	0	0	0	0	0	0	0	0	0	0	0	0	0	0	0	0	0	0	0	0	0	0	1	0	0	0	0	0	0	0	0	0	0	0	0
Bryobacter	0	1	11	0	1	0	0	10	0	0	2	5	0	0	0	0	2	0	0	7	0	1	0	0	0	0	0	1	0	0	1	2	0	0	3	2	3	0	2	2	0	0	0	5	0	2	0	1
Dialister	0	8	9	0	0	8	0	1	1	0	1	4	0	11	4	0	0	0	2	0	1	0	0	0	0	2	0	0	0	0	0	1	0	2	0	4	8	1	0	1	1	1	2	2	0	0	2	0
Butyricimonas	0	0	0	0	1	0	0	0	0	0	0	0	1	0	0	0	0	11	1	0	0	0	0	3	0	0	0	0	0	0	0	0	0	0	0	0	0	1	1	0	0	2	0	0	0	0	0	0
Ruminiclostridium	9	1	3	0	0	0	1	1	0	0	3	0	0	0	0	0	0	4	1	0	11	2	0	0	0	0	0	0	0	1	0	3	0	0	0	0	0	0	0	2	0	0	3	0	0	2	1	0
Candidatus_Soleaferrea	0	4	0	0	0	0	0	0	0	0	0	0	0	0	0	0	0	0	0	0	0	1	0	0	0	0	0	0	0	0	0	0	0	0	0	0	11	0	0	0	0	0	1	0	0	0	0	0
Oscillospira	0	0	0	0	0	0	0	0	0	0	0	1	0	0	0	0	0	0	0	0	0	0	0	0	0	0	0	0	0	0	0	0	1	0	0	0	11	0	0	0	0	0	0	0	0	0	0	1
Actinobacillus	9	4	8	1	0	0	1	5	2	2	0	2	0	11	8	0	0	1	0	7	1	0	0	0	0	2	0	0	0	0	0	0	2	0	0	2	6	0	0	0	0	0	1	0	1	5	0	1
Blastopirellula	0	0	11	0	0	0	0	0	0	0	0	0	0	0	0	0	0	0	0	0	0	0	0	0	0	0	0	0	0	0	0	0	0	0	0	0	0	0	0	0	0	0	0	0	0	0	0	0
unidentified_Gammaproteobacteria	0	0	10	1	4	0	3	1	0	1	2	5	0	2	0	0	0	0	0	0	1	0	0	0	0	0	0	0	0	1	0	4	0	1	2	2	5	2	9	6	5	7	2	3	7	7	4	10
Tissierella	0	0	0	0	0	0	0	10	0	0	0	1	0	0	0	0	0	0	0	0	0	0	0	0	0	0	0	0	0	0	0	0	0	0	0	0	0	0	0	0	0	0	0	1	0	0	0	0
Megasphaera	0	1	10	1	0	0	0	0	0	0	3	1	0	0	0	0	0	0	0	0	0	0	0	0	0	0	0	0	0	1	0	0	0	0	1	1	0	0	0	0	0	0	0	0	0	1	0	0
Candidatus_Saccharimonas	0	0	0	1	0	0	0	0	0	0	0	0	0	2	0	0	0	1	0	1	4	2	0	1	0	0	0	0	0	0	0	2	0	0	0	2	10	1	0	0	0	1	0	0	0	0	1	0
Brevibacterium	1	2	2	1	0	0	0	5	3	1	0	4	0	10	0	0	0	0	0	0	0	0	0	0	3	3	0	1	0	0	1	0	2	0	2	4	1	1	1	0	0	1	0	2	2	1	0	0
Carnobacterium	0	5	4	0	0	2	0	10	0	1	1	7	1	1	0	0	1	1	0	9	0	0	0	0	0	0	0	0	0	0	1	0	0	0	1	0	0	2	0	0	0	0	1	3	0	2	0	0
Sarcina	0	0	0	0	0	0	0	0	0	0	0	0	0	0	0	0	0	0	0	0	0	0	0	0	0	0	0	0	0	0	0	0	0	0	0	0	10	0	0	0	0	0	0	0	0	0	0	0
Steroidobacter	0	0	10	0	0	0	0	3	0	0	0	0	0	0	0	0	0	0	1	2	2	0	0	0	0	0	0	0	0	0	0	0	0	0	0	0	0	0	1	0	0	0	0	0	0	0	0	0
Anaerostipes	0	2	10	0	2	6	1	0	1	2	0	0	0	1	0	0	1	0	0	0	7	0	0	0	0	1	0	1	0	0	1	1	1	0	0	1	0	0	0	0	0	0	0	1	0	1	1	0
Blastococcus	0	0	9	0	0	0	0	0	0	0	0	0	0	2	0	0	1	0	0	0	0	0	0	0	1	0	0	0	0	0	0	0	0	0	0	0	0	0	0	0	0	0	1	1	1	0	0	0
Bilophila	0	0	3	0	0	0	0	3	0	0	1	0	0	1	0	0	0	3	0	0	0	0	0	0	0	0	0	0	0	0	0	0	0	0	0	9	1	2	1	0	1	1	0	0	0	0	2	5
Rothia	1	3	8	1	0	0	0	1	0	2	1	0	1	9	3	0	0	0	1	0	0	0	2	0	0	0	0	0	0	1	0	2	0	1	1	0	2	1	1	0	0	0	0	2	0	0	0	1
Chitinophaga	4	6	4	8	5	3	2	5	5	7	3	4	5	9	4	3	3	7	4	5	8	5	0	8	0	0	0	1	0	0	0	0	0	0	0	1	0	0	0	0	0	0	0	1	0	0	0	0
Methanoculleus	0	0	0	0	0	0	0	9	0	0	0	0	0	0	0	0	0	0	0	0	0	0	0	0	0	0	0	0	0	0	0	0	0	0	0	0	0	0	0	0	0	0	0	0	0	0	0	0
Flavonifractor	2	0	9	1	3	2	0	2	0	0	2	0	0	1	1	0	0	0	3	2	0	0	0	0	0	1	0	1	0	0	0	1	0	0	0	0	1	0	0	0	1	0	0	0	0	0	0	0
Lysobacter	0	0	9	0	1	0	4	3	2	0	0	3	0	0	0	0	0	1	0	0	0	1	0	0	0	0	0	0	1	0	0	4	0	2	0	0	0	0	0	0	0	0	2	0	0	0	2	0
Mesorhizobium	0	1	9	0	0	0	0	5	0	0	2	0	0	2	1	0	0	0	3	0	4	0	0	0	0	3	0	0	1	0	0	0	0	2	0	2	0	0	0	0	0	0	0	0	0	0	0	0
Proteiniphilum	0	0	0	0	0	0	0	9	0	0	0	0	0	0	0	0	0	0	0	0	0	0	0	0	0	0	0	0	0	0	0	0	0	0	0	0	0	0	0	0	0	0	0	1	0	0	0	0
Candidatus_Berkiella	0	0	8	0	0	0	0	0	0	0	0	0	0	0	4	0	0	0	0	0	0	0	1	0	0	0	0	0	0	0	0	0	0	0	0	0	0	0	0	0	0	0	0	0	0	0	0	0
Candidatus_Alysiosphaera	0	0	8	1	0	0	0	0	0	0	3	1	0	0	0	0	1	2	0	2	4	0	0	0	0	0	0	0	0	1	0	0	0	0	0	0	0	0	3	0	0	0	0	0	0	0	0	0
Dubosiella	0	1	0	0	0	0	0	0	0	0	0	1	0	1	0	0	0	0	1	0	0	0	0	0	0	0	0	1	0	0	1	1	0	0	1	0	1	4	3	8	6	5	7	3	5	5	4	3
Edaphobacter	0	0	0	0	0	0	0	1	0	0	1	1	0	0	0	0	0	0	0	1	0	0	0	0	0	0	0	0	0	0	0	0	0	0	8	0	0	0	0	0	0	0	0	0	0	0	0	0
Sellimonas	0	0	8	0	0	0	0	0	0	0	0	0	0	0	0	0	0	0	0	0	0	0	0	0	0	0	0	0	0	1	1	0	0	0	0	0	0	0	0	0	1	0	0	0	0	0	0	0
Alkaliflexus	0	0	0	0	0	0	0	8	0	1	0	0	0	0	0	0	0	0	0	0	0	0	0	0	0	0	0	0	0	0	0	0	0	0	1	0	0	0	0	0	0	0	0	0	0	0	0	0
Chthoniobacter	0	0	6	0	0	0	0	3	0	0	0	0	0	0	0	0	0	0	0	0	0	0	0	0	0	0	0	0	0	0	0	0	0	0	0	0	0	0	8	0	0	0	0	0	0	0	0	1
Alishewanella	0	0	0	0	0	0	0	2	0	0	0	0	0	0	2	0	0	0	1	8	0	0	0	0	0	0	0	0	1	0	0	0	1	0	0	0	0	0	0	0	0	0	0	1	0	0	1	0
Pseudolabrys	0	2	8	0	0	2	0	2	0	0	3	1	1	7	0	0	1	3	0	0	0	2	0	0	1	0	3	0	0	3	1	0	0	3	1	2	0	0	2	0	0	0	1	1	0	3	0	2
Fusicatenibacter	0	5	2	0	0	7	0	1	0	0	1	2	0	3	1	0	0	0	0	0	0	0	1	0	1	6	0	0	0	1	0	0	0	0	0	0	0	0	0	2	0	0	0	0	0	0	0	0
Pygmaiobacter	0	0	0	0	0	0	0	0	0	0	0	0	0	0	0	0	0	0	0	0	0	0	0	0	0	0	0	0	0	0	0	0	0	0	0	0	7	0	0	0	0	0	0	0	0	0	0	0
Gaiella	0	0	5	0	0	0	0	6	0	0	4	0	0	0	0	0	0	2	0	1	0	0	0	0	1	0	0	0	0	4	0	0	1	0	0	0	0	0	7	0	0	0	0	0	1	0	1	1
Dokdonella	0	0	0	0	1	0	0	0	0	0	0	7	0	0	0	0	0	0	0	0	0	0	0	0	0	0	0	0	0	0	0	0	0	0	0	0	0	0	0	0	0	0	0	0	0	0	0	1
Endozoicomonas	0	0	0	0	0	0	0	0	0	0	0	0	0	0	0	0	0	0	0	0	0	0	0	0	0	0	0	1	0	0	0	0	7	1	0	0	0	0	0	0	0	0	0	0	0	0	0	0
Geothrix	0	0	2	0	0	0	0	0	0	0	0	0	0	0	0	0	0	0	0	0	2	0	0	0	0	0	0	0	0	0	0	0	0	0	0	1	1	2	2	3	3	1	5	3	3	3	1	7
Paenalcaligenes	0	0	2	0	1	1	0	7	2	0	1	5	0	0	0	0	3	3	1	4	0	0	0	0	0	0	0	0	0	0	0	1	0	0	1	2	0	1	0	0	0	0	0	2	0	0	0	2
Anaerovibrio	0	0	3	0	0	0	0	0	0	0	1	0	0	2	0	0	0	1	0	0	0	0	0	0	0	0	0	0	0	1	0	0	0	0	0	0	7	0	0	0	0	0	0	0	0	0	0	0
Occallatibacter	0	1	0	0	3	0	0	6	1	0	0	7	0	0	2	0	2	1	2	0	0	0	0	0	0	0	0	0	0	0	0	4	0	0	2	1	0	0	0	0	0	0	0	2	0	0	0	3
Sediminibacterium	0	4	7	0	0	1	0	1	0	0	0	0	0	2	0	0	0	0	0	0	0	0	0	0	1	0	0	0	0	0	0	0	0	0	2	0	0	1	0	1	0	0	0	0	0	1	1	0
Membranicola	0	2	0	0	0	0	0	0	0	0	0	0	0	0	7	0	0	0	0	0	0	0	1	0	0	0	0	0	0	0	0	0	0	1	0	0	0	0	1	0	0	0	0	0	0	0	0	0
Gardnerella	1	0	7	0	0	0	0	0	0	0	1	2	0	0	0	0	0	1	0	0	0	0	0	0	0	0	0	0	0	0	0	0	0	0	0	0	0	0	0	0	1	0	0	0	0	0	0	0
Intestinibacter	0	0	7	0	0	0	0	0	1	0	2	1	0	0	2	0	1	0	0	0	3	0	0	0	0	0	0	2	0	1	0	0	0	0	0	1	6	1	0	1	0	0	0	0	0	0	1	0
unidentified_Nitrospiraceae	0	0	7	0	0	0	0	0	1	0	0	5	0	0	0	0	0	0	1	1	0	0	0	1	0	0	0	0	0	0	0	0	0	3	1	0	1	1	0	1	1	0	1	2	0	1	5	0
Flavisolibacter	0	0	7	0	0	0	0	0	0	0	0	1	0	0	0	0	0	0	0	0	0	0	0	1	0	0	0	0	0	0	0	0	0	0	0	0	0	0	0	0	0	0	0	0	0	0	0	1
Nocardioides	1	0	7	1	0	0	1	3	0	1	4	0	0	0	2	0	0	2	3	0	6	0	0	0	0	0	0	0	1	1	0	0	0	0	0	0	0	0	3	0	0	0	1	1	1	1	0	1
Rikenella	1	0	0	0	0	0	0	0	0	0	0	0	0	0	0	0	0	2	0	0	6	0	0	0	0	0	0	0	0	0	0	0	0	0	0	0	0	0	0	0	0	0	0	0	0	0	0	0
Derxia	0	0	1	0	0	0	1	0	0	0	0	0	0	0	0	0	0	0	0	0	0	0	0	0	0	0	0	0	0	0	0	0	0	0	0	0	4	1	2	6	3	1	3	3	3	1	2	1
Pseudoxanthomonas	0	3	4	0	0	0	0	2	0	0	0	0	0	0	2	0	0	0	0	0	0	0	0	0	6	0	0	0	0	0	0	0	0	0	0	1	0	0	0	0	0	0	0	0	1	1	0	1
Herpetosiphon	0	0	6	0	0	0	0	0	0	0	0	0	0	0	0	0	0	0	0	0	0	0	0	0	0	0	0	0	0	0	0	0	0	0	0	0	0	0	0	0	0	0	0	0	0	0	0	0
Gemmobacter	0	6	3	0	0	0	0	3	0	0	0	0	0	2	4	0	0	0	1	2	0	0	0	0	0	1	0	0	0	1	0	0	0	1	0	2	0	0	0	1	0	0	0	0	1	1	0	0
Snodgrassella	0	1	6	0	0	0	0	0	0	0	0	0	1	0	0	0	0	0	0	0	0	0	0	0	0	0	0	0	0	0	0	0	0	0	0	0	0	0	0	0	0	0	2	0	0	0	0	0
Gillisia	0	0	0	0	0	0	0	0	0	0	0	0	0	0	6	0	0	0	0	0	0	0	0	0	0	0	2	0	0	0	0	0	0	0	0	0	0	0	1	0	0	0	0	0	0	0	1	0
Thiomonas	0	0	0	0	0	0	0	0	0	0	0	0	0	0	0	0	0	0	0	0	0	0	0	0	0	0	0	0	0	0	0	0	0	0	0	0	3	0	0	0	0	1	2	0	6	0	1	2
Granulicatella	1	3	6	0	0	0	0	3	0	0	0	2	0	2	0	0	0	0	0	0	1	0	0	1	0	2	0	0	0	0	0	0	0	0	0	1	0	0	1	1	0	0	0	2	0	0	0	0
Acidothermus	0	1	0	0	0	0	0	5	1	0	0	6	0	0	0	0	1	0	0	1	1	1	0	0	0	1	0	0	1	2	0	1	0	0	0	1	0	0	1	0	0	0	0	1	0	0	0	0
Oribacterium	0	0	0	0	0	0	0	0	0	0	6	0	0	0	0	0	0	0	0	0	0	0	0	0	0	0	0	0	0	0	0	0	0	0	0	0	6	0	0	0	0	0	0	0	0	0	0	0
Kribbella	0	0	6	0	0	0	0	1	0	0	0	0	0	0	0	0	0	1	0	0	0	0	0	0	0	0	0	0	0	0	0	0	0	0	0	4	0	0	1	0	0	0	1	0	0	0	0	0
Mycoplasma	0	6	2	1	0	1	0	0	0	0	0	0	0	0	0	0	0	0	0	0	0	0	0	0	0	5	0	0	0	0	0	0	0	0	0	0	0	0	0	0	0	0	0	0	0	0	0	0
Enhydrobacter	0	0	6	0	0	0	0	3	0	0	0	4	0	0	0	0	1	2	0	1	0	0	2	0	0	0	0	0	0	1	0	1	0	0	1	0	0	0	0	0	0	0	1	0	0	0	0	0
Marivivens	0	1	6	4	0	1	0	0	0	0	3	1	0	0	0	0	0	2	0	1	3	0	0	0	0	0	0	0	0	1	0	0	0	0	0	0	0	0	4	0	0	0	0	0	0	0	0	0
Altererythrobacter	0	0	6	1	0	0	0	0	0	0	1	1	0	0	0	0	0	0	0	0	0	0	0	0	0	0	1	0	0	0	0	0	1	0	0	0	0	0	0	0	0	0	0	0	0	0	0	0
Legionella	0	6	6	0	0	0	0	0	0	0	0	0	0	0	0	0	0	0	0	0	0	0	0	0	1	0	0	0	0	0	0	0	0	0	0	0	0	0	0	0	0	0	0	0	0	1	0	0
Dinghuibacter	1	0	6	0	0	0	0	2	0	0	1	0	0	2	0	0	0	0	1	0	0	0	0	0	0	0	0	0	0	0	0	0	0	0	0	0	0	0	3	0	0	0	0	0	0	0	0	0
Millionella	2	0	0	0	0	0	0	1	0	0	0	0	0	0	0	0	0	0	0	0	6	1	0	0	0	0	0	0	0	0	0	0	0	0	0	0	0	0	0	0	1	0	0	0	0	0	0	0
Niastella	0	0	6	0	0	0	0	0	0	0	0	0	0	0	0	0	0	0	0	0	0	0	0	0	0	0	0	0	0	0	0	0	0	0	0	0	0	0	0	0	0	0	0	0	0	0	0	0
Dechloromonas	0	0	1	0	0	0	0	1	0	0	0	1	0	0	0	0	0	0	1	0	0	0	0	0	0	0	0	0	0	0	0	0	0	0	0	0	4	3	4	2	1	2	2	6	3	1	2	1
Asticcacaulis	0	1	3	0	0	0	0	1	0	0	0	2	0	0	5	0	0	0	0	0	0	0	0	0	0	0	0	0	0	1	0	1	0	0	0	3	0	0	3	0	0	0	0	0	0	0	0	0
Skermanella	0	0	5	0	0	0	0	1	0	0	0	1	0	0	0	0	0	0	0	0	0	0	0	0	0	0	0	0	0	0	0	0	0	0	0	0	0	0	0	0	1	0	0	0	0	0	1	0
Desulfatiglans	0	0	5	0	1	0	0	3	0	0	0	0	0	0	0	0	0	0	1	0	0	0	0	0	0	0	0	0	0	0	0	0	0	0	0	0	0	0	0	0	0	0	1	0	0	0	0	0
Ilumatobacter	0	0	4	0	0	0	0	5	0	0	1	0	0	0	0	0	0	1	0	0	0	0	0	0	0	0	0	0	0	0	0	1	0	0	0	0	0	0	1	0	0	0	0	0	0	0	0	1
Jeotgalicoccus	0	0	1	1	0	0	1	5	0	0	1	5	0	0	0	0	0	0	0	2	0	0	0	0	0	0	0	0	0	0	1	0	0	0	1	0	0	1	0	0	0	0	1	1	0	0	0	0
Bergeyella	5	1	0	1	1	0	0	2	0	0	0	0	0	5	1	0	0	0	0	2	1	0	0	0	0	0	0	0	0	0	0	0	0	1	0	0	0	0	0	0	1	1	0	0	1	0	0	0
unidentified_Prolixibacteraceae	0	0	0	0	0	0	0	5	0	0	0	0	0	0	0	0	0	0	0	0	0	0	0	0	0	0	0	0	0	0	0	0	0	0	0	0	0	1	0	0	0	0	0	0	0	0	0	0
Shewanella	0	0	5	0	2	0	0	0	0	0	1	0	0	0	0	0	0	0	0	0	0	0	0	0	0	0	0	0	0	0	0	2	0	0	0	0	0	0	0	0	0	0	0	0	0	0	0	0
Pseudonocardia	0	0	5	0	0	0	0	1	2	0	2	1	0	0	1	0	0	0	0	0	0	0	0	0	0	1	0	0	0	2	0	0	1	1	0	0	1	1	4	0	0	0	1	0	0	1	0	0
Acetitomaculum	0	5	0	0	0	0	0	0	0	0	0	0	0	0	0	0	0	0	0	0	0	0	0	0	0	1	0	0	0	0	0	0	0	0	0	0	0	0	0	0	0	0	0	0	0	0	0	0
Meiothermus	0	0	0	0	0	0	0	0	0	0	0	0	0	0	0	0	0	0	0	0	0	0	0	0	0	0	0	0	0	0	0	0	0	0	0	0	2	0	1	5	1	1	0	2	1	0	0	1
Truepera	0	0	0	0	0	0	1	0	0	0	0	0	0	0	5	0	0	0	0	0	0	0	0	0	0	0	0	0	0	0	0	0	0	0	0	0	0	0	1	0	0	0	0	0	0	0	0	0
Providencia	0	2	0	0	0	0	0	2	0	0	0	0	0	5	0	0	0	0	0	0	1	0	0	0	1	3	0	0	0	0	0	0	0	0	1	0	1	0	0	0	0	0	0	0	0	0	0	0
Intrasporangium	0	0	2	0	1	0	0	5	0	0	0	0	0	2	2	0	0	1	0	3	4	1	0	0	0	1	0	4	0	0	0	0	0	0	0	0	1	0	1	0	1	0	0	0	0	0	0	2
Methanobrevibacter	0	0	0	0	0	0	0	0	0	0	0	0	0	0	0	0	0	0	0	0	0	0	0	0	0	0	0	0	0	0	0	0	0	0	0	0	5	0	0	0	0	0	0	0	0	0	0	0
Rubellimicrobium	0	5	4	0	0	0	2	0	1	0	0	0	1	4	0	0	0	2	0	0	0	0	0	0	2	0	0	0	0	1	0	0	0	0	1	0	0	0	0	0	0	0	0	0	0	0	0	0
Marmoricola	0	1	5	0	1	0	0	2	2	0	1	2	0	0	1	0	2	0	0	0	1	0	0	0	0	0	0	0	0	2	0	2	0	0	1	0	0	0	2	0	0	0	0	0	0	0	2	0
Solobacterium	0	0	0	1	0	0	0	0	0	0	0	0	0	0	0	0	0	0	0	0	0	0	0	0	0	0	0	0	0	0	0	0	0	0	0	0	5	0	0	0	0	0	0	0	0	0	0	0
Desulfoprunum	0	0	0	0	0	0	0	0	1	0	0	0	0	0	5	0	0	0	0	0	0	0	0	0	0	0	0	0	0	0	0	0	0	0	0	0	0	0	0	0	0	0	0	0	0	0	0	0
Veillonella	0	2	5	0	0	2	0	2	0	0	0	0	0	3	0	0	0	0	0	0	0	2	0	0	0	1	0	0	0	0	0	0	0	0	0	2	0	0	0	2	0	0	0	0	0	0	0	0
Alcaligenes	0	0	0	0	0	0	1	5	0	0	0	4	0	0	0	0	0	0	0	2	0	0	0	0	0	0	0	0	0	0	1	0	0	0	0	0	0	1	0	0	0	0	0	1	0	0	2	0
Gemmatimonas	0	0	5	1	0	0	1	2	0	0	1	1	0	1	0	0	0	2	0	4	3	0	0	0	1	0	0	0	0	1	0	0	0	0	0	0	0	0	3	0	2	0	0	2	0	0	0	0
Dyadobacter	0	1	5	0	0	0	0	0	0	0	0	0	0	0	0	0	0	0	0	0	0	0	0	0	0	0	0	0	0	0	0	0	0	0	0	0	0	0	0	0	0	0	0	0	0	0	0	0
Methylotenera	0	0	0	0	0	0	0	0	0	0	0	1	0	0	1	0	0	0	0	0	0	2	0	0	0	0	0	0	0	0	0	0	1	0	0	0	5	0	0	1	0	3	5	1	1	1	1	1
unidentified_Sphingobacteriales	0	0	0	0	0	0	0	0	0	0	0	5	0	0	0	0	0	0	0	0	0	0	0	0	0	0	0	0	0	0	0	0	0	0	0	0	0	0	0	0	0	0	0	0	0	0	0	0
Qipengyuania	1	1	4	0	0	0	0	2	0	0	0	1	0	0	5	0	0	0	0	0	0	0	3	0	0	0	0	0	2	0	0	0	0	0	0	0	0	0	0	1	0	0	0	1	0	0	0	0
Lachnoanaerobaculum	0	0	2	0	0	0	0	0	0	0	0	2	0	0	0	0	0	0	0	0	5	0	0	0	0	0	0	0	0	0	0	0	0	0	0	0	0	0	0	0	0	0	0	0	0	0	1	0
Paludibaculum	0	0	1	5	0	0	0	0	0	0	0	0	0	0	0	0	0	0	0	0	0	0	0	0	0	0	0	0	0	0	0	0	0	0	0	0	0	0	4	0	0	0	0	0	0	0	0	0
Cerasibacillus	0	0	5	1	0	0	0	0	0	1	0	0	0	0	0	0	0	0	0	0	0	0	0	0	0	0	0	1	0	0	0	0	0	0	0	0	0	1	0	0	0	0	0	1	0	0	0	0
Wenzhouxiangella	0	0	5	0	0	0	0	0	0	0	0	0	0	0	0	0	0	0	0	0	0	0	0	0	0	0	0	0	0	0	0	0	0	0	0	0	0	0	0	0	0	0	0	0	0	0	0	0
Candidatus_Bacilloplasma	0	5	5	0	0	0	0	0	0	0	0	2	0	2	2	0	0	0	1	4	0	0	0	0	2	1	2	0	0	0	0	1	0	0	0	0	1	0	0	0	0	0	0	0	0	3	0	0
Thermobacillus	0	0	0	0	0	0	0	3	0	0	0	5	0	0	0	2	0	0	0	0	0	0	0	0	0	0	0	0	0	0	0	0	1	0	0	1	0	0	0	0	0	0	0	0	0	0	0	0
Microvirga	0	0	5	0	0	0	0	2	0	0	1	2	0	0	2	0	0	0	0	1	1	0	0	0	0	0	0	0	0	1	0	0	0	0	1	0	0	0	1	0	0	0	0	1	0	0	0	0
Salinirepens	0	0	0	0	0	0	0	0	0	0	1	0	0	0	0	0	0	1	0	0	0	0	0	0	0	0	0	0	0	0	0	0	0	1	0	0	0	0	4	0	0	0	0	0	0	0	0	0
Candidatus_Moduliflexus	0	0	0	0	0	0	0	0	0	0	0	0	0	0	0	0	0	0	0	0	0	0	0	0	0	4	0	0	0	0	0	0	0	0	0	0	1	0	0	0	0	0	0	0	0	0	0	0
Anaerococcus	0	0	4	0	0	0	0	0	1	0	0	0	0	0	0	0	0	0	0	3	0	0	0	0	0	0	0	0	0	0	0	0	1	0	0	0	0	0	0	0	0	0	0	0	0	0	0	0
unidentified_Alphaproteobacteria	0	0	4	0	0	0	0	0	0	0	0	0	0	0	0	0	0	0	0	0	0	0	0	0	0	0	0	0	0	2	0	0	0	0	0	1	2	0	2	0	0	0	1	0	0	0	0	0
Succiniclasticum	0	0	4	0	0	0	0	0	0	0	0	0	0	0	0	0	0	0	0	0	0	0	0	0	0	0	0	0	0	0	0	0	0	0	0	0	0	0	0	0	0	0	0	0	0	0	0	0
Robinsoniella	0	0	0	0	0	0	0	4	0	1	0	0	0	0	0	0	0	0	0	0	0	0	0	0	0	0	0	0	0	0	0	0	0	0	0	0	2	1	0	0	0	0	0	1	1	0	2	2
unidentified_Acidobacteriia	0	0	0	0	0	0	0	0	0	0	0	0	0	0	0	0	1	0	0	4	0	0	0	0	0	0	0	0	0	0	0	0	0	0	1	0	0	0	0	0	0	0	0	0	0	0	0	0
Cupriavidus	0	4	0	0	0	0	0	0	0	0	0	1	0	0	0	0	0	0	0	0	0	0	0	0	0	0	0	0	0	0	0	0	0	0	0	0	0	0	0	0	0	0	0	0	0	0	0	0
Finegoldia	1	2	0	0	0	0	0	0	0	0	0	1	0	4	0	0	0	0	0	1	0	0	0	0	0	0	0	0	0	0	0	0	0	0	0	0	0	0	0	0	0	0	0	0	0	1	0	0
Nitrosomonas	0	0	0	0	0	0	0	0	0	0	0	4	0	0	0	0	0	0	0	0	0	0	0	0	0	0	0	0	0	0	0	0	0	0	0	0	0	0	0	0	0	0	0	0	0	0	0	0
Rhodopila	0	0	4	0	0	0	0	0	0	0	0	0	0	0	0	0	0	0	0	0	0	0	0	0	0	0	0	0	0	0	0	0	0	0	0	0	0	0	0	0	0	0	0	0	0	0	0	0
Psychroglaciecola	0	0	4	0	0	0	0	0	0	0	0	0	0	0	0	0	0	0	0	0	0	0	0	0	0	0	0	0	0	0	0	0	0	0	0	0	0	0	0	0	0	0	0	0	0	0	0	0
Candidatus_Koribacter	1	0	1	0	0	0	0	0	1	0	0	0	0	1	0	0	0	3	0	0	2	0	1	0	0	0	0	0	0	0	0	0	0	0	2	1	0	0	3	0	0	0	0	4	1	0	0	1
Fibrobacter	0	0	0	0	0	0	0	0	0	0	0	0	0	0	0	0	0	0	0	0	0	0	0	0	0	0	0	0	0	0	0	0	0	0	0	0	4	0	0	0	0	0	0	0	0	0	0	0
Terracidiphilus	0	1	0	0	0	0	4	3	0	0	0	4	0	0	0	0	0	0	0	2	0	0	0	0	0	0	0	0	0	0	0	0	0	0	1	1	0	0	0	0	0	0	0	0	0	0	0	0
Bdellovibrio	0	0	3	0	0	0	0	0	0	0	0	4	0	0	0	0	0	0	0	0	0	0	0	0	0	0	0	0	0	1	0	0	0	0	0	0	0	0	1	0	0	2	1	0	0	0	0	1
Ignavibacterium	0	0	0	0	0	0	0	0	0	0	0	4	0	0	0	0	0	0	0	0	0	0	0	0	0	0	0	0	0	0	0	0	0	0	0	0	0	0	0	0	0	0	0	0	0	0	0	0
Terrimicrobium	0	0	0	0	0	0	0	0	0	0	0	0	0	0	0	0	0	0	0	0	0	0	0	0	0	0	0	0	0	0	0	0	0	0	0	0	0	0	0	3	4	2	2	0	1	0	1	4
Anaerotruncus	0	0	0	0	0	0	0	1	0	0	0	0	0	0	2	0	0	3	0	0	4	0	0	0	0	0	0	0	0	0	0	2	0	0	0	0	1	0	0	0	0	0	0	0	0	0	0	1
Defluviicoccus	0	0	3	1	0	0	0	0	0	0	2	0	0	0	0	0	0	2	0	0	1	0	0	0	0	0	0	0	0	1	0	0	0	0	0	0	0	0	4	0	0	0	0	0	0	0	0	0
Gilliamella	0	4	1	0	0	0	0	0	0	0	0	0	0	0	1	0	0	0	2	0	0	0	0	0	0	0	0	0	0	0	0	0	0	0	0	0	0	1	0	0	0	0	0	0	0	0	0	1
Anaeroplasma	0	0	4	0	0	0	0	0	0	0	0	0	0	0	0	0	0	0	0	0	0	0	0	0	0	0	0	0	0	0	0	0	0	0	0	0	0	0	0	0	0	0	0	0	0	0	0	0
Anaeroglobus	0	0	4	0	0	0	0	0	0	0	0	0	0	0	0	0	0	0	0	0	0	0	0	0	0	0	0	0	0	0	0	0	0	0	0	0	0	0	0	0	0	0	0	0	0	0	0	0
Macellibacteroides	0	4	1	0	0	0	0	0	2	0	0	0	0	0	0	0	0	0	0	3	0	0	0	0	0	0	0	0	0	0	0	1	0	0	0	0	0	0	0	0	0	0	0	0	0	0	0	0
Parviterribacter	0	0	4	0	0	0	0	0	0	0	0	0	0	0	1	0	0	0	0	0	0	0	0	0	0	0	0	0	0	0	0	0	0	0	0	0	0	0	0	0	0	0	0	0	0	0	0	0
Pseudobutyrivibrio	0	0	4	1	0	0	0	1	0	0	0	0	0	0	0	0	0	0	0	0	0	0	0	0	0	0	0	0	0	0	0	0	0	0	1	0	0	0	0	0	0	0	0	0	0	0	0	0
Vicinamibacter	0	0	2	0	0	0	0	1	0	0	0	0	0	0	0	0	0	0	0	0	0	0	0	0	0	0	0	0	0	0	0	0	0	0	0	0	0	0	4	0	0	0	0	0	0	0	0	0
unidentified_Rikenellaceae	0	0	0	0	0	0	0	0	0	0	0	1	0	0	0	0	0	0	0	0	0	0	0	0	0	0	0	0	0	0	0	0	0	0	0	4	0	0	0	0	0	0	0	0	0	0	0	0
Senegalimassilia	0	0	0	0	0	0	0	0	0	0	0	0	0	0	0	0	0	0	0	0	0	0	0	0	0	0	0	0	0	0	0	0	0	0	0	0	3	0	0	0	0	0	0	0	0	0	0	1
Aerococcus	0	0	0	1	0	0	0	1	1	0	0	3	0	2	0	0	0	0	0	0	0	0	0	1	0	1	1	0	0	0	0	1	0	0	0	0	0	0	0	0	0	0	1	0	0	0	0	0
Pseudorhodobacter	0	3	0	0	0	0	0	0	0	0	0	0	0	0	0	0	0	0	0	0	0	0	0	0	0	0	0	0	0	0	0	0	0	0	0	0	0	0	0	0	0	0	0	0	0	0	0	0
Acetobacter	1	0	0	0	1	0	3	1	0	0	0	2	0	0	0	0	0	0	0	1	0	0	0	0	0	2	0	0	0	0	0	0	0	0	0	0	0	0	0	0	0	0	0	0	0	0	0	0
Chiayiivirga	0	0	0	0	0	0	0	0	0	0	0	0	0	0	0	0	0	0	0	0	0	0	0	0	0	0	0	0	0	3	0	0	0	0	0	0	0	0	0	0	0	0	0	0	0	0	1	0
Bacteriovorax	0	0	0	0	0	0	0	0	0	0	0	0	0	0	0	0	0	3	0	0	0	0	0	0	0	0	0	0	0	0	0	0	0	0	0	0	0	0	0	0	0	0	0	0	0	0	0	0
Ruminofilibacter	0	0	0	0	0	0	0	0	1	0	0	0	0	0	0	0	0	0	0	3	0	0	0	0	3	0	0	0	0	0	0	0	0	0	0	0	0	0	0	0	0	0	0	0	0	0	0	0
unidentified_Myxococcales	0	0	0	0	0	0	0	0	0	0	0	0	0	0	0	0	0	0	0	0	0	0	0	0	0	0	0	0	0	0	0	0	0	0	0	0	0	0	0	2	0	0	3	0	1	0	0	1
Prosthecomicrobium	0	0	0	0	0	0	0	0	0	0	0	0	0	0	0	0	0	0	0	0	0	0	0	0	0	0	0	0	0	0	0	0	0	0	0	0	0	0	0	0	0	1	0	0	3	0	0	0
Iamia	0	0	3	1	0	0	0	1	0	0	0	0	0	0	3	0	0	1	0	0	2	0	0	0	0	0	0	0	0	0	0	1	0	0	0	2	0	0	2	0	0	0	0	0	0	0	0	1
Rubrobacter	0	0	0	0	0	0	2	0	0	0	0	0	0	0	0	0	0	0	1	0	0	0	0	0	0	0	0	0	0	0	0	0	0	0	0	0	0	0	0	0	0	3	0	0	0	0	0	0
Anaerocolumna	0	0	0	0	0	0	0	3	0	0	0	0	0	0	0	0	0	0	0	0	0	0	0	0	0	0	0	0	0	1	0	0	0	0	0	0	0	0	0	0	0	0	0	0	0	0	0	0
Salinimicrobium	0	0	3	0	0	0	0	0	0	0	0	0	0	0	1	0	0	0	0	0	0	0	0	0	0	0	0	0	0	0	0	0	0	0	0	0	0	0	0	0	0	0	0	0	0	0	0	0
Streptomyces	0	0	3	0	0	1	0	0	0	0	1	2	0	0	0	0	0	0	0	0	0	0	0	0	0	0	0	0	0	0	0	0	0	0	0	0	0	0	0	0	0	0	0	1	0	0	0	1
unidentified_Candidatus_Yanofskybacteria	0	0	0	0	0	0	0	0	0	0	0	0	0	0	0	0	0	0	0	0	0	0	0	0	0	0	0	0	0	0	0	0	0	0	0	0	0	0	1	1	1	2	2	3	0	1	2	0
Chujaibacter	0	0	3	0	1	0	0	1	0	0	0	0	0	0	0	0	0	0	0	0	0	0	0	0	0	0	0	0	0	0	0	1	0	0	0	1	0	0	0	0	0	0	0	1	0	0	0	0
Sporanaerobacter	0	3	3	0	0	0	0	0	0	0	0	0	0	1	0	0	0	0	0	0	0	0	0	0	0	0	0	0	0	0	0	0	0	0	0	0	0	1	0	0	0	0	0	0	0	0	1	0
Pedobacter	0	0	0	0	0	0	0	0	0	0	0	0	0	0	0	0	3	0	0	0	1	0	0	0	0	0	0	0	0	0	0	1	0	0	0	0	0	0	0	0	0	0	0	0	0	0	0	0
Flavihumibacter	0	3	0	0	0	0	0	0	0	0	0	3	0	0	0	0	0	0	0	0	0	0	0	0	0	0	0	0	0	1	0	0	0	0	0	0	0	0	0	0	0	0	0	0	0	0	0	0
Ensifer	0	0	3	0	0	0	0	0	0	0	0	0	0	0	1	0	0	0	0	0	1	0	0	0	0	0	0	0	0	0	0	0	0	0	0	0	0	0	0	0	0	0	0	2	0	0	0	0
Xanthobacter	0	0	0	0	0	0	0	0	0	0	0	0	0	0	1	0	0	0	0	0	0	2	0	0	0	0	0	0	0	0	0	0	0	1	0	3	0	0	0	1	0	0	0	0	1	0	0	0
Inquilinus	0	0	3	0	0	0	0	0	0	0	0	0	0	0	0	0	0	0	0	0	0	0	0	0	0	0	0	0	0	0	0	0	0	0	0	0	0	0	0	0	0	0	0	0	0	0	0	0
Brochothrix	0	0	1	0	0	0	0	0	0	0	0	0	0	0	0	0	0	3	0	0	0	0	0	0	0	0	0	0	0	0	0	0	0	0	0	0	0	0	0	0	0	0	0	0	0	0	0	0
Anaerovorax	0	0	0	0	0	0	0	0	0	0	0	0	0	3	0	0	0	0	0	0	0	0	0	0	0	0	0	0	0	0	0	0	0	0	0	0	0	0	0	0	0	0	0	0	0	0	0	0
Microlunatus	0	0	0	0	0	0	0	0	0	0	0	0	0	0	0	0	0	1	0	0	0	0	0	0	0	0	0	0	0	0	0	0	0	1	0	0	0	0	3	0	0	0	0	0	0	0	0	0
unidentified_Actinobacteria	0	0	3	0	0	0	2	2	0	0	0	0	0	0	0	0	0	1	0	0	0	0	0	0	1	0	0	0	0	0	0	0	0	0	0	2	0	0	0	0	0	0	0	0	0	0	0	0
Aerosphaera	0	0	3	0	1	0	1	3	1	0	3	2	0	0	0	0	0	0	0	0	0	0	0	0	0	0	0	0	0	0	0	0	0	0	0	2	0	0	0	0	0	0	1	1	0	0	0	0
Dietzia	0	1	1	0	0	0	0	0	0	0	0	1	0	0	0	0	2	0	0	3	0	0	0	0	0	0	0	0	0	0	0	0	0	0	0	0	0	0	0	0	0	0	0	0	0	1	0	1
Parafilimonas	0	0	0	0	0	0	0	0	0	1	0	1	0	0	0	0	0	0	0	0	1	0	0	0	0	0	0	1	0	1	0	0	0	1	0	0	0	3	1	0	0	0	0	1	0	0	0	0
Cellulosimicrobium	3	0	0	0	0	1	0	0	0	0	0	1	0	0	0	0	0	0	0	1	0	0	0	0	0	0	0	0	0	0	0	0	0	0	0	1	0	0	0	0	0	0	0	0	1	0	0	0
Cellvibrio	0	0	3	0	0	0	0	0	0	0	0	0	0	1	0	0	0	0	0	0	0	0	0	0	0	0	0	0	0	1	0	0	0	0	0	0	0	0	0	0	0	0	1	0	0	0	0	1
Desulfonatronum	0	0	0	0	0	0	0	3	0	0	0	0	0	0	0	0	0	0	0	0	0	0	0	0	0	0	0	0	0	0	0	0	0	0	0	0	0	0	0	0	0	0	0	0	0	0	0	0
Silvanigrella	0	0	0	0	0	0	0	0	0	0	0	0	0	0	3	0	0	0	0	0	0	0	0	0	0	0	0	0	0	0	0	0	0	0	0	0	0	0	0	0	0	0	0	0	0	0	0	0
Ohtaekwangia	0	0	3	0	0	0	0	0	1	0	0	0	0	0	0	0	0	0	0	0	1	0	0	0	0	0	0	0	0	0	0	0	0	0	0	0	0	0	0	0	0	0	0	1	0	0	0	0
Dyella	0	0	0	0	0	0	0	0	0	0	0	0	0	0	0	0	0	0	0	0	0	0	0	0	0	0	0	0	0	0	0	0	0	0	0	0	0	0	0	0	0	0	0	0	3	0	1	1
Campylobacter	0	0	0	0	0	0	0	0	0	0	2	0	0	0	0	0	0	0	0	0	0	0	0	0	2	0	0	0	0	0	0	1	1	0	0	1	1	0	0	2	0	3	0	0	0	0	0	0
Cohnella	0	0	3	0	1	0	0	0	0	0	0	0	0	0	0	0	0	0	0	0	0	0	0	0	0	0	0	0	0	0	0	0	0	0	0	0	0	0	0	0	0	0	0	0	0	0	0	0
Peptococcus	0	0	0	0	0	0	0	3	0	0	0	0	0	0	0	0	0	2	0	0	1	0	0	0	0	0	0	0	0	0	0	0	0	0	0	0	0	0	0	0	0	0	0	0	0	0	0	0
Lacibacter	0	0	0	0	0	0	0	0	0	0	0	0	0	0	0	0	0	0	0	0	0	0	0	0	0	0	0	0	0	0	0	3	0	0	0	0	0	0	0	0	0	1	0	0	0	0	0	0
Cnuella	0	0	0	0	0	0	0	0	0	0	0	0	0	0	3	0	0	0	0	0	0	0	0	0	0	0	0	0	0	0	0	0	0	0	0	0	0	0	0	0	0	0	0	0	0	0	0	0
Proteiniclasticum	0	0	0	0	0	0	0	3	0	0	0	1	0	0	0	0	2	0	0	0	0	0	0	0	1	0	0	0	0	0	0	0	0	0	0	0	0	0	0	0	1	0	0	0	0	0	1	0
Segetibacter	0	0	0	0	0	0	0	0	0	0	0	0	0	0	0	0	0	0	3	0	0	0	0	0	0	0	0	0	0	0	0	0	0	0	0	0	0	0	0	0	0	0	0	0	0	0	0	0
Lawsonella	0	1	2	0	0	0	0	0	0	2	1	1	1	3	1	0	0	3	0	0	0	0	0	0	0	0	0	0	0	0	0	0	0	0	0	0	0	0	0	0	0	1	0	3	0	1	0	0
Erysipelothrix	0	0	0	0	0	0	0	3	0	0	0	0	0	0	0	0	0	0	0	0	0	0	0	0	0	0	0	0	0	0	0	0	0	0	0	0	0	0	0	0	0	0	0	0	0	0	0	0
Polycyclovorans	0	0	1	0	0	0	0	3	0	0	0	0	0	0	0	0	0	0	0	0	0	0	0	0	0	0	0	0	0	0	0	0	0	0	0	0	0	0	0	0	0	0	1	0	0	0	0	0
Tepidimonas	0	1	1	0	0	1	0	1	0	0	0	1	0	3	0	0	0	1	0	1	1	0	0	0	0	0	0	0	0	0	0	0	0	1	0	0	1	0	0	0	0	0	0	0	0	2	0	1
Geobacter	0	0	3	0	0	0	0	3	0	1	0	0	0	0	2	0	0	1	0	0	1	0	0	0	0	0	0	0	0	3	0	0	0	0	0	0	0	0	2	0	0	0	0	0	0	0	0	0
Lewinella	0	0	0	0	0	0	0	0	0	0	0	0	0	0	0	0	0	2	0	0	2	0	0	0	0	0	0	0	0	0	0	0	0	0	0	0	0	0	0	0	0	0	0	0	0	0	0	0
Nubsella	2	0	0	0	0	0	0	1	0	1	0	0	0	0	1	0	0	0	0	0	0	0	0	0	0	0	0	0	0	0	0	0	0	0	0	0	0	0	1	0	0	0	0	0	0	0	0	0
Cardiobacterium	0	0	0	0	0	0	0	0	0	0	0	0	0	0	0	0	0	0	0	0	0	0	0	0	0	0	0	0	0	0	0	0	2	0	0	0	0	0	0	0	0	0	0	0	0	0	0	0
Luteimonas	0	0	0	0	0	0	0	0	0	0	0	0	0	0	0	0	0	0	0	0	0	0	0	0	0	0	0	0	0	0	0	0	0	0	2	0	0	0	0	0	0	0	0	0	0	0	0	0
Prevotella	0	0	0	0	0	0	0	0	0	0	0	0	0	0	0	0	0	0	0	0	0	0	0	0	0	0	0	0	0	0	0	0	0	0	0	0	0	0	0	2	0	0	0	0	0	0	0	0
Psychrilyobacter	0	0	0	0	0	0	0	0	0	0	0	0	0	0	0	0	0	0	0	0	0	0	0	0	0	0	0	0	0	0	0	0	0	0	0	0	0	0	0	0	0	2	0	0	0	0	0	0
Novosphingobium	0	0	0	0	0	0	0	0	0	0	0	0	0	0	1	0	0	0	0	0	0	0	0	0	0	0	1	1	0	0	0	1	0	0	0	0	0	0	2	0	0	0	0	0	0	0	0	1
Methylocystis	0	0	0	0	0	0	0	2	0	0	0	0	0	0	2	0	0	0	0	2	0	0	0	0	0	0	0	0	0	0	0	0	0	0	0	0	0	0	0	0	1	1	0	0	0	1	1	0
Pseudoalteromonas	0	0	2	0	0	0	0	0	0	0	0	0	0	0	0	0	0	0	0	2	0	0	0	0	0	0	0	1	0	0	0	0	0	0	0	0	0	0	0	0	0	0	0	0	0	0	0	0
Corynebacterium	0	1	0	0	0	0	0	0	0	0	1	1	0	0	0	0	0	2	1	0	1	0	1	0	1	0	0	0	1	0	0	0	0	0	0	0	0	0	0	0	0	0	0	2	0	0	0	0
Epulopiscium	0	0	0	0	0	1	0	1	1	2	0	0	1	0	0	0	0	1	0	1	0	0	0	0	0	0	0	0	0	0	0	0	0	0	0	0	0	0	0	0	0	0	0	2	0	0	0	0
Sinibacillus	0	0	0	0	0	0	0	1	0	0	0	2	0	0	0	0	0	0	0	0	0	0	0	0	0	0	0	0	0	0	0	1	0	0	0	0	0	0	0	0	0	0	0	0	0	0	0	0
Dethiosulfovibrio	0	0	0	0	0	0	0	0	0	0	0	0	0	2	0	0	0	0	0	0	2	0	0	0	0	0	0	0	0	0	0	0	0	0	0	0	0	0	0	0	0	0	1	0	0	0	0	0
Crenothrix	0	0	0	0	0	0	0	0	0	0	0	0	0	0	0	0	0	0	0	0	0	0	0	0	0	0	0	0	0	0	0	2	0	0	0	1	0	0	0	0	0	0	0	0	0	0	0	0
Phaeodactylibacter	0	0	0	0	0	0	0	0	0	0	0	0	0	0	0	0	0	0	0	0	0	0	0	0	0	0	0	0	0	0	0	0	0	0	0	0	0	2	0	0	0	0	0	0	0	0	0	0
Syntrophorhabdus	0	0	0	0	0	0	0	0	0	0	0	0	0	2	1	0	0	0	0	2	0	0	0	0	1	0	0	0	0	0	0	0	0	0	0	0	0	0	0	0	0	0	0	0	0	0	0	0
Opitutus	0	1	0	0	0	0	0	0	0	0	0	0	0	0	0	0	0	0	0	0	0	0	0	0	0	0	0	0	0	0	0	0	0	0	0	0	0	0	1	0	0	0	0	0	2	0	0	0
Sulfuricurvum	0	1	2	0	0	0	0	1	0	0	0	0	0	0	0	0	0	0	0	0	0	0	0	0	0	0	0	0	0	0	0	0	0	0	0	0	0	0	0	0	0	0	0	0	0	0	0	0
unidentified_Rhodospirillales	0	0	0	0	0	0	0	2	0	0	0	0	0	0	0	0	0	0	0	0	0	0	0	0	0	0	0	0	0	0	0	0	0	0	0	0	0	0	0	0	0	0	0	0	0	0	0	0
Niveispirillum	0	0	0	0	0	0	0	0	0	0	0	0	0	0	2	0	0	0	0	0	0	0	0	0	0	0	1	0	0	0	0	0	0	0	0	0	0	0	0	0	0	0	0	0	0	0	0	0
Saccharopolyspora	0	1	0	0	0	0	1	0	1	0	0	0	0	0	0	0	0	1	0	0	0	0	0	0	0	0	0	0	0	0	2	0	0	0	0	0	0	1	2	0	0	1	1	0	0	0	0	0
Methyloparacoccus	0	0	0	0	0	0	0	0	0	0	0	0	0	0	0	0	0	0	0	0	0	0	0	0	0	0	0	0	0	0	0	0	0	0	0	0	1	0	0	0	0	0	0	0	1	2	2	1
Brassicibacter	0	0	0	0	0	0	0	0	0	0	0	2	0	0	2	0	0	0	0	0	0	0	0	0	0	0	0	0	0	0	0	0	0	0	0	0	0	0	0	0	0	0	0	0	0	0	0	0
Fusibacter	0	0	0	0	0	0	1	0	0	0	0	0	0	0	0	0	0	0	0	0	0	0	0	0	0	0	0	0	1	0	0	0	0	0	0	0	0	0	0	0	0	2	0	0	0	0	0	0
Methylococcus	0	0	0	0	0	0	0	0	0	0	0	0	0	0	0	0	0	0	0	0	0	0	0	0	0	0	0	0	0	0	0	0	0	0	0	0	2	0	0	0	0	1	0	1	2	1	0	1
Fructobacillus	0	0	0	0	2	0	0	0	0	0	0	0	0	0	0	0	0	0	0	0	0	0	0	0	0	0	0	0	0	0	0	1	0	0	0	0	0	0	0	0	0	0	0	0	0	0	0	0
Granulicella	0	0	0	0	0	0	0	1	0	0	0	0	0	0	0	0	0	0	0	1	0	0	0	0	0	0	0	0	0	0	0	0	0	0	0	2	0	0	0	0	0	0	0	1	0	0	1	0
Atopostipes	0	0	0	0	0	1	0	2	0	0	0	1	0	0	0	0	0	0	0	0	1	0	0	0	0	0	0	0	0	0	0	0	0	0	0	0	0	0	0	0	0	0	0	0	0	0	0	1
Clostridium	0	0	0	0	0	0	0	0	0	0	0	0	0	0	0	0	0	0	0	0	0	0	0	0	0	0	0	0	0	0	0	0	0	0	0	0	0	0	0	0	0	2	0	0	0	0	0	0
Carboxylicivirga	0	0	1	0	0	0	0	0	0	0	0	0	0	0	0	0	0	0	0	0	0	0	0	0	0	0	0	0	0	0	0	0	0	0	0	0	2	0	0	0	0	0	0	0	0	0	0	0
Hirschia	0	0	1	0	0	0	0	2	0	0	1	2	0	0	0	0	0	0	0	0	0	0	0	1	0	0	0	0	0	0	0	0	1	0	0	0	1	0	0	0	1	0	0	0	0	0	0	0
Rheinheimera	0	0	0	0	0	0	0	0	0	0	0	0	0	0	2	0	0	0	0	0	0	0	0	0	0	0	0	0	0	0	0	0	0	0	0	0	0	0	0	0	0	0	0	0	0	0	0	0
Oceanobacillus	0	0	2	0	0	0	0	0	0	0	0	0	0	0	0	0	0	0	0	0	0	0	0	0	0	0	0	0	0	0	0	0	0	0	0	0	0	0	0	0	0	0	0	0	0	0	0	0
unidentified_Gemmatimonadaceae	0	0	0	0	0	0	0	0	0	0	0	0	0	0	0	0	0	0	0	0	0	0	0	0	0	0	0	0	0	0	0	0	0	0	0	0	0	0	0	0	0	0	2	0	0	0	0	0
Candidatus_Competibacter	0	0	0	0	0	0	0	0	0	0	0	0	0	0	0	0	0	0	0	0	0	0	0	0	0	0	0	0	0	0	0	0	0	0	0	0	0	0	0	0	0	0	0	2	0	0	0	0
Candidatus_Arthromitus	0	1	0	0	0	0	0	0	0	0	0	0	0	0	0	0	0	1	0	0	0	0	0	0	0	0	0	0	0	0	0	0	0	0	0	0	0	0	0	0	0	0	0	0	0	1	0	2
Nosocomiicoccus	0	0	0	0	0	0	0	0	0	0	0	1	0	1	0	0	0	0	0	0	0	0	0	0	0	0	0	0	0	0	0	0	0	0	0	0	2	0	0	0	0	0	0	0	0	0	0	0
unidentified_Nostocales	0	0	0	0	0	0	0	0	0	0	1	0	0	0	0	0	2	0	0	0	0	0	0	0	0	0	0	0	0	0	0	0	0	0	0	0	0	0	0	0	0	0	0	0	0	0	0	0
Anaeromyxobacter	0	0	0	0	0	0	0	0	0	0	0	0	0	0	0	0	0	0	0	2	0	0	0	0	0	0	0	0	0	0	0	0	0	0	0	0	0	0	0	0	0	0	0	0	0	0	0	0
Acetatifactor	0	0	0	0	0	0	0	0	0	0	0	0	0	0	0	0	0	1	0	0	2	0	0	0	0	0	0	0	0	0	0	0	0	0	0	0	0	0	0	0	0	0	0	0	0	0	0	0
Desulfobacca	0	0	1	0	0	0	0	0	0	0	0	0	0	0	0	0	0	0	0	2	0	0	0	0	0	0	0	0	0	0	0	0	0	0	0	0	0	0	0	0	0	0	0	0	0	0	0	0
Alkalibacter	0	1	2	0	0	0	0	0	0	2	0	0	0	0	0	0	0	0	0	0	0	0	0	0	0	0	0	0	0	0	0	0	0	1	0	0	0	0	0	0	0	0	0	0	0	0	0	0
Actinocorallia	0	1	0	0	0	0	0	0	0	0	0	0	0	0	0	0	0	0	0	0	0	0	0	0	0	0	0	0	0	0	0	0	0	0	0	2	0	0	1	0	0	0	0	0	0	0	0	0
unidentified_Anaerolineae	0	0	0	0	0	0	0	2	0	0	0	0	0	0	0	0	0	0	0	0	0	0	0	0	0	0	0	0	0	0	0	0	0	0	0	0	0	0	0	0	0	0	0	0	0	0	0	0
Lentimicrobium	0	0	0	0	0	0	0	0	0	0	0	0	0	2	1	0	0	0	0	1	0	0	0	0	0	0	0	0	0	0	0	0	0	0	0	0	0	0	0	0	0	0	0	0	0	0	0	0
Phaselicystis	0	0	2	1	0	0	0	0	0	0	0	0	0	0	0	0	0	0	0	0	0	0	0	0	0	0	0	0	0	1	0	0	0	0	0	0	0	0	2	0	0	0	0	0	0	0	0	0
unidentified_Victivallales	0	0	0	0	0	0	0	0	0	0	0	0	0	0	0	0	0	0	0	0	0	0	0	0	0	0	0	0	0	0	0	0	0	0	0	2	0	0	0	0	0	0	0	0	0	0	0	0
Sporolactobacillus	0	0	0	0	2	1	0	0	0	0	0	0	0	0	0	0	0	0	0	0	0	0	0	0	0	0	0	0	0	0	0	0	0	0	0	0	0	0	0	0	0	0	0	1	2	0	0	0
Candidatus_Nitrosoarchaeum	0	2	0	0	0	0	1	1	0	0	2	0	0	2	0	0	0	0	0	0	0	0	0	0	0	1	0	0	0	0	0	0	0	0	0	0	0	0	0	0	0	0	0	0	0	0	0	0
Desulfatitalea	0	0	1	0	0	0	0	2	0	0	0	0	0	0	0	0	0	0	0	0	0	0	0	0	0	1	0	0	0	0	0	0	0	0	0	0	0	0	0	0	0	0	0	0	0	0	0	0
unidentified_Chthonomonadales	0	0	0	0	0	0	0	0	0	0	0	0	0	0	0	0	0	0	0	0	0	0	0	0	0	0	0	0	0	0	0	0	0	0	0	0	0	0	0	0	0	0	0	0	0	2	0	0
Hyphomonas	0	1	0	0	0	0	0	0	0	0	0	0	0	0	0	0	2	0	0	1	0	0	0	0	0	0	0	0	0	0	0	0	0	0	0	0	0	0	0	0	0	0	0	0	0	0	0	0
Atopobium	0	0	0	1	0	0	0	0	0	0	0	0	0	0	0	0	2	0	0	0	0	0	0	0	0	1	0	0	0	0	0	0	0	0	0	0	0	0	0	0	0	0	0	0	0	0	0	0
Acetobacterium	0	0	0	0	0	0	0	2	0	0	0	0	0	0	0	0	0	0	0	0	0	0	0	0	0	0	0	0	0	0	0	0	0	0	0	0	0	0	0	0	0	0	0	0	0	0	0	0
Candidatus_Stoquefichus	0	0	1	0	0	0	0	0	0	0	0	0	0	0	0	0	0	0	0	0	0	0	0	0	0	0	0	0	0	0	0	0	0	0	0	0	2	1	0	0	0	0	0	0	0	0	0	0
Williamsia	0	0	0	2	0	0	0	0	0	0	0	0	0	0	0	0	0	0	0	0	0	0	0	0	0	0	0	0	0	0	0	0	0	0	0	0	0	0	1	0	0	0	0	0	0	0	0	0
Olivibacter	0	0	0	0	0	0	0	0	0	0	0	0	0	0	0	0	0	0	0	0	0	2	0	0	0	0	0	0	0	0	0	0	0	0	0	0	0	0	0	0	0	0	0	0	0	0	0	0
Methyloglobulus	0	0	0	0	0	0	0	0	0	0	0	0	0	0	0	0	0	0	0	0	0	0	0	0	0	0	0	0	0	0	0	0	0	0	0	0	0	2	0	0	0	0	0	0	0	0	1	0
Rhodomicrobium	0	0	1	0	0	0	0	0	0	0	1	0	1	0	0	0	0	0	0	0	0	0	0	0	0	0	0	0	0	1	0	0	0	0	0	0	0	0	2	0	0	1	0	0	0	0	0	0
Candidatus_Cloacimonas	0	0	0	0	0	0	0	0	0	0	0	0	0	0	0	0	0	0	0	0	0	0	0	2	0	0	0	0	0	0	0	0	0	0	0	0	0	0	0	0	0	0	0	0	0	0	0	0
Cellulomonas	0	0	1	0	0	0	0	0	0	0	0	0	0	0	0	0	0	0	0	1	1	0	0	0	0	0	0	0	0	2	1	0	0	0	0	0	0	0	1	0	0	0	0	0	1	0	0	1
Sulfurimonas	0	0	2	0	0	0	0	0	0	0	0	0	0	0	0	0	0	0	0	0	0	0	0	0	0	0	0	0	0	0	0	0	0	0	0	0	0	0	0	0	0	0	0	0	0	0	0	0
Spongiimonas	0	0	2	0	0	0	0	0	0	0	0	0	0	0	0	0	0	0	0	0	0	0	0	0	0	0	2	0	0	0	0	0	0	0	0	0	0	0	0	0	0	0	0	0	0	1	0	0
Acidaminococcus	0	0	1	0	0	0	0	0	0	0	0	1	0	1	0	0	1	0	0	2	1	0	0	0	0	0	0	0	0	0	0	0	0	0	0	1	0	0	0	0	0	0	0	0	0	0	0	0
Hydrotalea	0	0	0	0	0	0	0	0	0	0	0	0	0	0	0	0	0	0	0	0	0	0	0	0	0	0	0	0	0	0	0	0	0	0	0	0	1	0	0	1	0	0	0	0	0	1	0	2
Planktosalinus	0	0	0	0	0	0	0	0	0	0	0	0	0	0	2	0	0	0	0	0	0	0	0	0	0	0	0	0	0	0	0	0	0	0	0	0	0	0	0	0	0	0	0	0	0	0	0	0
Azospirillum	0	0	0	0	0	0	0	2	0	0	0	0	0	0	0	0	0	0	0	0	0	0	0	0	0	0	0	0	0	0	0	0	0	0	0	0	0	0	0	0	0	0	0	0	0	0	0	0
Cavicella	0	0	0	0	0	0	0	0	0	0	0	2	0	0	0	0	0	0	0	2	0	0	0	0	0	0	0	0	0	0	0	0	0	0	0	0	0	0	0	0	0	0	0	0	0	0	0	0
Caldicoprobacter	0	0	0	0	0	0	0	1	0	0	0	0	0	0	0	0	0	0	0	0	0	0	0	0	0	0	0	0	0	0	0	1	0	0	0	0	0	0	0	0	0	0	0	1	0	0	0	0
Anaerolinea	0	0	0	0	0	0	0	0	0	0	0	0	0	0	0	0	0	0	0	0	0	0	0	0	0	0	0	0	0	0	0	0	0	0	0	0	1	0	0	0	0	0	0	0	1	0	0	0
Fonticella	0	0	0	0	0	0	0	0	0	0	0	0	0	0	0	0	0	1	0	0	0	0	0	0	0	0	0	0	0	0	0	0	0	0	0	0	0	0	1	0	0	0	0	0	0	0	0	0
Mucilaginibacter	0	1	0	0	0	0	0	0	1	0	0	1	0	0	0	0	0	0	0	0	0	0	0	0	0	0	0	0	0	0	0	1	0	0	0	0	0	0	0	0	0	0	0	1	0	0	0	0
Aegiribacteria	0	0	0	0	0	0	0	1	0	0	0	0	0	0	0	0	0	0	0	0	0	0	0	0	1	0	0	0	0	0	0	0	0	0	0	0	0	0	0	0	0	0	0	0	0	0	0	0
unidentified_Gaiellales	0	0	0	0	0	0	0	0	0	0	1	0	0	0	0	0	0	0	0	0	0	0	0	0	0	0	0	0	0	0	0	0	0	0	0	0	0	0	1	0	0	0	0	0	0	0	0	0
Acetobacteroides	0	0	1	0	0	0	0	1	0	0	0	0	0	0	0	0	0	0	0	0	0	0	0	0	0	0	0	0	0	0	0	0	0	0	0	0	0	0	0	0	0	0	0	0	0	0	0	0
Gordonia	0	0	0	0	1	0	0	0	0	0	1	1	0	0	0	0	0	0	0	0	0	0	0	0	0	0	0	0	0	0	0	0	0	0	0	0	0	0	0	0	0	0	0	0	0	0	0	0
Marinobacter	0	0	0	0	0	0	0	1	0	0	0	0	0	0	0	0	0	0	0	0	0	0	0	0	0	0	0	0	0	0	0	0	0	0	1	0	0	0	0	0	0	0	0	0	0	0	0	0
Uliginosibacterium	0	0	1	0	0	0	0	0	0	0	0	0	0	0	0	0	0	0	0	0	0	0	0	0	0	0	0	0	0	1	0	0	0	0	0	0	0	0	0	0	0	0	0	0	0	0	0	0
Others	6124	6151	6949	5659	7013	8411	7022	7496	5656	6886	4824	5214	2229	6023	6205	2405	1915	3504	3679	4857	6637	2167	1553	2033	10427	8047	8089	6726	9233	4367	12014	10524	7789	10364	8941	11304	9643	8746	7383	10559	11183	10205	9405	10146	9767	6658	7539	11741
