	THI.G1.1	THI.G1.2	THI.G1.3	THI.G1.4	THI.G1.5	THI.G1.6	THI.G1.7	THI.G1.8	THI.G1.9	THI.G1.11	THI.G1.12	THI.G1.13
Rhodococcus	0.291598746	0.180360502	0.186786834	0.171363636	0.278605016	0.292523511	0.361739812	0.220517241	0.213369906	0.182413793	0.40539185	0.500329154
Hydrogenophaga	0.293573668	0.356175549	0.34684953	0.305893417	0.272664577	0.255736677	0.183949843	0.267053292	0.230344828	0.30539185	0.187884013	0.160015674
Chryseobacterium	0.175971787	0.163213166	0.073589342	0.18338558	0.05007837	0.145721003	0.108103448	0.117335423	0.198652038	0.210047022	0.136661442	0.081426332
Aquamicrobium	0.06799373	0.090485893	0.096645768	0.111677116	0.072789969	0.1069279	0.099200627	0.071222571	0.126833856	0.075721003	0.097021944	0.034874608
Lactobacillus	0.000830721	0.000360502	0.003605016	0.001191223	0.025956113	9.40E-05	0.000815047	0.00145768	0.00031348	0.000203762	0.000705329	0.006661442
Stenotrophomonas	0.011050157	0.0180721	0.020517241	0.021912226	0.017460815	0.020015674	0.054529781	0.042852665	0.015971787	0.016802508	0.020329154	0.050203762
unidentified_Rhizobiaceae	0.02523511	0.031285266	0.034012539	0.030815047	0.022931034	0.018056426	0.025673981	0.052225705	0.031410658	0.03130094	0.015830721	0.009592476
Streptococcus	0	7.84E-05	0.00130094	9.40E-05	3.13E-05	9.40E-05	0.00015674	0.000141066	7.84E-05	4.70E-05	4.70E-05	0.000172414
Pigmentiphaga	0.002053292	0.005407524	0.003871473	0.004420063	0.00184953	0.001285266	0.001974922	0.003714734	0.001206897	0.002476489	0.001567398	0.003667712
Pediococcus	4.70E-05	7.84E-05	0.000250784	1.57E-05	0.035329154	3.13E-05	0.000266458	0.000141066	3.13E-05	0	0.00023511	0.005611285
unidentified_Cyanobacteria	0.000125392	0.000266458	0.000846395	4.70E-05	0.03322884	9.40E-05	0.00039185	0.000532915	0.000219436	0.000203762	0.000423197	0.003636364
Sphingopyxis	0.005830721	0.014623824	0.015376176	0.02130094	0.006144201	0.009451411	0.014326019	0.024639498	0.032586207	0.01177116	0.013855799	0.009623824
Niabella	0.011175549	0.011677116	0.008369906	0.019184953	0.002805643	0.010360502	0.011504702	0.009514107	0.025172414	0.028949843	0.012178683	0.011677116
unidentified_Clostridiales	0.000266458	0.000532915	0.001332288	9.40E-05	0.02539185	0	3.13E-05	0.000109718	1.57E-05	6.27E-05	0.000266458	0.002946708
Chelatococcus	0.005689655	0.007429467	0.009937304	0.005611285	0.005846395	0.00523511	0.009937304	0.006426332	0.01015674	0.007507837	0.012225705	0.00322884
Achromobacter	0.00968652	0.010062696	0.014028213	0.010109718	0.008056426	0.005815047	0.008918495	0.015626959	0.008338558	0.012884013	0.008244514	0.005
Bifidobacterium	0.000329154	0.000172414	0.005376176	0.015219436	4.70E-05	0.00015674	1.57E-05	0.000172414	4.70E-05	1.57E-05	3.13E-05	7.84E-05
Devosia	0.001191223	0.002241379	0.00200627	0.001630094	0.001708464	0.001677116	0.002351097	0.002648903	0.00315047	0.001442006	0.001959248	0.001191223
Exiguobacterium	0.000172414	9.40E-05	6.27E-05	6.27E-05	1.57E-05	0	1.57E-05	0.00015674	0.000109718	3.13E-05	0	0.000141066
Marinobacterium	0	0	9.40E-05	0	1.57E-05	3.13E-05	3.13E-05	0.011661442	0	0	3.13E-05	1.57E-05
Sphingomonas	0.000548589	0.001081505	0.009890282	0.000595611	0.001426332	0.000485893	0.002664577	0.002100313	0.000721003	0.000517241	0.000564263	0.002210031
Lactococcus	1.57E-05	4.70E-05	0.000282132	0	0.009498433	0	0	0	1.57E-05	0	3.13E-05	0.000862069
Nitratireductor	0.00169279	0.002586207	0.00177116	0.002586207	0.001442006	0.002633229	0.003573668	0.002084639	0.004075235	0.002711599	0.003119122	0.001818182
unidentified_Spirochaetaceae	0	0	9.40E-05	0	0	0	0	0	1.57E-05	0	3.13E-05	0
Bosea	0.001206897	0.001598746	0.002915361	0.001159875	0.001802508	0.001504702	0.002915361	0.003009404	0.002789969	0.002163009	0.00346395	0.001065831
Thiopseudomonas	0	0	3.13E-05	0	0	0	0	0.008040752	0	4.70E-05	4.70E-05	0
Weissella	0	0	6.27E-05	0	0.007507837	0	0.000250784	0.000250784	1.57E-05	0	0	0.001708464
unidentified_Prevotellaceae	0	0.000109718	0.000454545	0.000141066	3.13E-05	0.000297806	0	0.000109718	6.27E-05	0.000125392	0.000862069	0.000297806
Taibaiella	0.003996865	0.003730408	0.003009404	0.004043887	0.002476489	0.002805643	0.00354232	0.005799373	0.004733542	0.007241379	0.0019279	0.003448276
Leuconostoc	0	4.70E-05	9.40E-05	1.57E-05	0.007115987	0	1.57E-05	3.13E-05	0	0	0	0.001112853
Bacteroides	0.000438871	0.001363636	0.006598746	0.000125392	0.000297806	0.000109718	0.000125392	0.000846395	0.000219436	0.000266458	0.000815047	0.001394984
Roseburia	0	0.000125392	0.000188088	0	0	0	3.13E-05	4.70E-05	3.13E-05	0	1.57E-05	1.57E-05
Microbacterium	0.0019279	0.002601881	0.005611285	0.002272727	0.002946708	0.001990596	0.003855799	0.003589342	0.004169279	0.002617555	0.001786834	0.001159875
Subdoligranulum	0	0	0.000109718	3.13E-05	3.13E-05	0.000125392	0	1.57E-05	0	0	9.40E-05	6.27E-05
unidentified_Erysipelotrichaceae	4.70E-05	0	0.000203762	1.57E-05	1.57E-05	0.000125392	1.57E-05	1.57E-05	1.57E-05	0	0	3.13E-05
Halomonas	0	0	3.13E-05	0	0	0	1.57E-05	0.00369906	0	0	0	0
Alloprevotella	0.000188088	6.27E-05	0.000407524	3.13E-05	3.13E-05	3.13E-05	0.000109718	7.84E-05	4.70E-05	0	4.70E-05	0.00015674
Pseudomonas	4.70E-05	0.000376176	0.000454545	0.000125392	0	4.70E-05	9.40E-05	0.000423197	0.000172414	4.70E-05	0.00015674	0.001724138
Terrisporobacter	0	0	3.13E-05	0	0	3.13E-05	0	0	0	0	0	4.70E-05
unidentified_Corynebacteriaceae	4.70E-05	0.00015674	0.000924765	0.000454545	0.001661442	0.001018809	0.001724138	0.002131661	0.00299373	0.000815047	0.002021944	0.001786834
Staphylococcus	0	0.001974922	0.000407524	3.13E-05	0.00015674	6.27E-05	7.84E-05	0.000203762	0.002884013	7.84E-05	1.57E-05	9.40E-05
Ochrobactrum	0.001285266	0.001567398	0.00130094	0.000830721	0.000815047	0.000783699	0.001065831	0.000642633	0.001175549	0.00130094	0.00184953	0.000376176
Porphyromonas	0	0	0.000626959	0	0	0	0	3.13E-05	0	3.13E-05	0	1.57E-05
unidentified_Ignavibacteria	0	0	0	1.57E-05	9.40E-05	0	0	0	0	0	0	0.002225705
Faecalibacterium	1.57E-05	0.000501567	0.000642633	3.13E-05	4.70E-05	0.000924765	0	0.000125392	3.13E-05	3.13E-05	1.57E-05	0.000219436
Enterococcus	0	9.40E-05	0.001003135	0.001865204	0.002163009	1.57E-05	6.27E-05	0.00031348	3.13E-05	0	0	0.001206897
Phascolarctobacterium	0	3.13E-05	0.00015674	0	0	4.70E-05	0	6.27E-05	0	0	0	3.13E-05
Reyranella	0	7.84E-05	0.001974922	1.57E-05	0	0	1.57E-05	0	0	0	6.27E-05	0
Alistipes	0.000297806	3.13E-05	0.000376176	0	3.13E-05	1.57E-05	1.57E-05	0.000203762	3.13E-05	0	4.70E-05	0.000109718
Paeniclostridium	0	4.70E-05	4.70E-05	0	0	0	0	1.57E-05	0	0	1.57E-05	0
Hyphomicrobium	0	3.13E-05	0.001802508	0	0	0	0	0	0	0	1.57E-05	0
Sphingobacterium	1.57E-05	3.13E-05	0.000924765	3.13E-05	4.70E-05	0.000141066	0.000282132	0.001739812	0.000141066	0.00015674	0.00015674	0.001661442
Moraxella	0.000297806	7.84E-05	4.70E-05	7.84E-05	1.57E-05	0	1.57E-05	0	6.27E-05	0	4.70E-05	0.000109718
Delftia	0.000282132	0.000517241	0.001677116	0.000564263	0.000956113	0.000219436	0.000877743	0.000877743	0.000344828	0.000376176	0.000172414	0.000909091
Romboutsia	0.000109718	7.84E-05	0.000438871	0	0	7.84E-05	0	0.00023511	0	1.57E-05	3.13E-05	4.70E-05
Candidatus_Kuenenia	0	0	0	0	9.40E-05	0	0	0	0	0	1.57E-05	0.00153605
Parasutterella	3.13E-05	1.57E-05	0.000125392	0.001504702	0	0	0	6.27E-05	4.70E-05	0	0	7.84E-05
unidentified_Ruminococcaceae	0.000109718	0.000172414	0.000611285	0	7.84E-05	4.70E-05	3.13E-05	7.84E-05	4.70E-05	0	4.70E-05	0.000188088
Acinetobacter	4.70E-05	0.00039185	0.000846395	0	6.27E-05	0.000219436	0.00015674	0.00145768	0.000282132	0.000188088	0.000125392	0.001253918
Amphiplicatus	0	0	0.001426332	0	0	0	0	0	0	0	3.13E-05	0
unidentified_Enterobacteriaceae	6.27E-05	0.000219436	0.000815047	0	0	0	1.57E-05	0.000172414	3.13E-05	0	6.27E-05	0.001410658
Blautia	6.27E-05	0.000956113	0.000407524	1.57E-05	3.13E-05	0.000329154	0	0.000172414	4.70E-05	1.57E-05	3.13E-05	0.00023511
Pseudoflavitalea	0.000282132	0.000673981	0.000501567	0.000673981	0.000266458	0.000219436	0.000344828	0.000517241	0.000815047	0.001222571	0.000125392	0.000501567
Helicobacter	0.000329154	4.70E-05	0.000125392	0	0	1.57E-05	0	4.70E-05	1.57E-05	0	0.000125392	6.27E-05
Phreatobacter	0.00039185	0.000548589	0.000815047	0.000376176	0.000407524	0.000595611	0.000893417	0.001159875	0.000548589	0.000548589	0.000736677	0.000282132
unidentified_Nitrosomonadaceae	0	0	0.001159875	0	6.27E-05	0	0	7.84E-05	0	0	0	7.84E-05
Caproiciproducens	0	0	0	0	0.001112853	0	0	0	0	0	0	0.000109718
Holdemanella	0	6.27E-05	3.13E-05	0.001097179	0	0	0	0	0	0	6.27E-05	0
Parabacteroides	0.00015674	4.70E-05	0.000548589	0	4.70E-05	0	3.13E-05	3.13E-05	1.57E-05	0	3.13E-05	0.000141066
unidentified_Lachnospiraceae	9.40E-05	0.000329154	0.000673981	6.27E-05	4.70E-05	0.000329154	1.57E-05	6.27E-05	3.13E-05	9.40E-05	0.00015674	9.40E-05
Fusobacterium	3.13E-05	1.57E-05	0.000658307	0	7.84E-05	0	3.13E-05	3.13E-05	1.57E-05	0	0	0.000109718
Desulfovibrio	1.57E-05	1.57E-05	0.000203762	0	1.57E-05	0	0	0	0	0	3.13E-05	1.57E-05
Psychrobacter	0	4.70E-05	0.000971787	0	6.27E-05	0.000109718	0.000172414	0.000940439	9.40E-05	0.000172414	3.13E-05	0.000956113
unidentified_Rickettsiales	1.57E-05	1.57E-05	7.84E-05	0	0.000956113	1.57E-05	1.57E-05	1.57E-05	0	0	1.57E-05	3.13E-05
Rhizorhapis	0	0	0.000940439	0	0	0	0	0	0	0	0	0
Lysinibacillus	0	7.84E-05	0.000188088	0	0	0	0	0.000924765	1.57E-05	0	0	4.70E-05
Micrococcus	0	1.57E-05	0.000924765	0	0	3.13E-05	0	4.70E-05	0	0	3.13E-05	3.13E-05
Tyzzerella	0	0	0	0	3.13E-05	0	0.000109718	0	0	0	0	0
Cetobacterium	1.57E-05	1.57E-05	4.70E-05	0	0	0	0	0	0	0	1.57E-05	0
Neisseria	1.57E-05	0	0.000830721	0	1.57E-05	0	1.57E-05	9.40E-05	1.57E-05	0	1.57E-05	0
Methylomagnum	0	0	0	0	0	0	0	0	0	0	0	0
Methylomonas	0	0	0	0	0	0	0	1.57E-05	0	0	0	0
Pedomicrobium	0	3.13E-05	0.000736677	1.57E-05	0	0	0	1.57E-05	0	0	1.57E-05	3.13E-05
Rubrivivax	0	1.57E-05	0.000721003	0	0	0	0	1.57E-05	0	0	1.57E-05	3.13E-05
Brevundimonas	3.13E-05	1.57E-05	0.000125392	0	6.27E-05	0	0.000141066	0.000109718	3.13E-05	0	3.13E-05	0.000329154
Fermentimonas	0	0	0	0	0	0	0	0.000689655	0	0	0	0
Dielma	1.57E-05	0	3.13E-05	0	0	3.13E-05	0	0	0	0	0	0
Agathobacter	0	0	0	0	0	4.70E-05	0	0	0	0	0	0
Denitratisoma	0	0	3.13E-05	1.57E-05	0.000250784	0	0	6.27E-05	0	0	0	0.000658307
Mycobacterium	0	0	0.000219436	7.84E-05	0	0	0	4.70E-05	0	0	0.000172414	4.70E-05
Akkermansia	0.000344828	3.13E-05	0.000642633	0	0	4.70E-05	0	3.13E-05	0	0	0	9.40E-05
unidentified_Acidobacteria	1.57E-05	3.13E-05	0.000626959	0	0	0	1.57E-05	0.000172414	0	0	4.70E-05	3.13E-05
Acidibacter	0	0	0.000626959	0	0	0	4.70E-05	0.000109718	0	0	0.000219436	4.70E-05
Haliangium	0	0	0.000188088	1.57E-05	0.00015674	0	0	1.57E-05	0	0	6.27E-05	0.000626959
Negativibacillus	0	0	0	0	0	0	0	0	0	0	0	0
Parapedobacter	0.00015674	0.000203762	0.000172414	0.000125392	4.70E-05	0.000297806	0.000188088	0.00039185	0.00023511	0.00039185	0.000125392	0.000141066
Pantoea	3.13E-05	4.70E-05	6.27E-05	0	0	0	0	0	0	0	0	0.000438871
Massilia	0	0	7.84E-05	1.57E-05	0	0	0	1.57E-05	0	0	3.13E-05	7.84E-05
Dongia	0	0	0.000579937	0	1.57E-05	0	0	4.70E-05	0	0	0	0
Faecalibaculum	0.000532915	3.13E-05	0	0	0	0	0	1.57E-05	3.13E-05	0	0	0
Haemophilus	0	0	0.000564263	0	0	3.13E-05	0	4.70E-05	0	0	0	0
Nordella	0	0	0.000564263	0	0	0	0	0.000109718	0	0	0	3.13E-05
Terrimonas	0	9.40E-05	0.000548589	0	0	0	1.57E-05	0	0	0	1.57E-05	0
Ralstonia	1.57E-05	1.57E-05	0.000376176	0.000532915	6.27E-05	0	4.70E-05	1.57E-05	0	0	0	0
Vibrio	0	4.70E-05	0.000297806	3.13E-05	0	0	1.57E-05	4.70E-05	1.57E-05	6.27E-05	4.70E-05	6.27E-05
Arenimonas	0	0	0.000517241	0	0	0	0	0	0	0	1.57E-05	0
Nannocystis	0	0	0.000517241	0	0	0	0	0	0	0	0	3.13E-05
Dorea	0	3.13E-05	7.84E-05	0	1.57E-05	9.40E-05	0	1.57E-05	0	0	1.57E-05	6.27E-05
Lachnoclostridium	0	1.57E-05	0.000501567	0	0.000172414	1.57E-05	3.13E-05	0.000109718	0	0	1.57E-05	4.70E-05
Barnesiella	0	1.57E-05	7.84E-05	0	0	0	1.57E-05	0	0	0	0	1.57E-05
Flavobacterium	0	6.27E-05	0.000485893	0	0	3.13E-05	4.70E-05	0.00031348	3.13E-05	0	4.70E-05	0.000297806
Collinsella	0	0	4.70E-05	0.000470219	0	6.27E-05	0	0	0	0	3.13E-05	0
Odoribacter	9.40E-05	4.70E-05	7.84E-05	0	0	0	0	4.70E-05	0	0	0	0
Moheibacter	0	3.13E-05	0	0	0	0	0	0.000454545	0	0	0	0
Mariniphaga	0	0	0	0	0	0	0	0.000454545	0	0	0	0
Paracoccus	0	0	1.57E-05	0	4.70E-05	0	0	0	3.13E-05	0	4.70E-05	4.70E-05
Aureimonas	0	0	1.57E-05	0	0	0	0	0	0	0	0	1.57E-05
Bradyrhizobium	0	0	0.000344828	0	0	0	0	0	0	0	0	3.13E-05
Pirellula	0	0	0	0	3.13E-05	0	0	0	0	0	0	0.000329154
Stenotrophobacter	0	3.13E-05	0.000329154	3.13E-05	0	0	0	3.13E-05	0	0	0	0
Mucispirillum	6.27E-05	0	3.13E-05	0	0	1.57E-05	0	6.27E-05	0	1.57E-05	0	3.13E-05
Desulfuromonas	0	0	0	0	0	0	0	0.00031348	0	0	0	0
Sphingobium	0	0	0.00031348	0	0	0	0	0	0	0	0	3.13E-05
Cutibacterium	3.13E-05	0	0.00031348	0	0	0	0	1.57E-05	4.70E-05	0	0	4.70E-05
Deinococcus	0	0	4.70E-05	0	0	0	0	0	0	0	0	0
Leifsonia	0.000141066	7.84E-05	0.000266458	6.27E-05	0.000109718	0.000109718	0.000297806	0.000172414	0.00023511	0.000282132	0.000203762	0.000141066
Gemella	0	1.57E-05	0.000297806	0	0	0	1.57E-05	1.57E-05	0	0	0	3.13E-05
Ferruginibacter	0	0	0.000297806	0	0	0	0	0	0	0	1.57E-05	0
Sutterella	0	0	1.57E-05	0	1.57E-05	0	0	0	4.70E-05	0	0	3.13E-05
Paraprevotella	0	0	0	0	0	0	0	0	0	0	1.57E-05	0
Chryseolinea	0	0	0.000141066	1.57E-05	7.84E-05	0	0	0	0	0	0	0.000297806
Marvinbryantia	0	0	0	0	0	0	0	0	0	0	0	0
Actinomyces	0	0	0.000297806	0	0	0	0	7.84E-05	0	0	0	1.57E-05
Candidatus_Udaeobacter	0	0	4.70E-05	3.13E-05	0	0	0	3.13E-05	0	0	4.70E-05	0
Butyricicoccus	0	0	1.57E-05	0	0	1.57E-05	0	1.57E-05	0	0	0	6.27E-05
Patulibacter	1.57E-05	6.27E-05	1.57E-05	3.13E-05	9.40E-05	0.000125392	0.000172414	4.70E-05	6.27E-05	4.70E-05	0.000141066	6.27E-05
Paenibacillus	0	0	0	1.57E-05	0	0	0	0	0	0	0	0.000266458
Oscillibacter	6.27E-05	0	1.57E-05	0	0	0	0	1.57E-05	0	0	3.13E-05	1.57E-05
Halothiobacillus	0	0	0	0	0	0	0	0.000250784	0	0	0	0
Enterorhabdus	0	1.57E-05	1.57E-05	0	0	1.57E-05	0	0	0	0	0	0
Dolosigranulum	1.57E-05	3.13E-05	0	1.57E-05	0.000109718	6.27E-05	1.57E-05	0.000141066	0.000203762	7.84E-05	0	0.000188088
Afipia	0	6.27E-05	0.000250784	1.57E-05	1.57E-05	6.27E-05	0.000125392	7.84E-05	0	0.000141066	6.27E-05	0.000188088
Loktanella	0	0	0	0	0	0	0	0	0	0	0	0
Bacillus	0	0	0.000219436	4.70E-05	0	6.27E-05	0	6.27E-05	0	0	0	1.57E-05
Methanocalculus	0	0	0	0	0	0	0	0.00023511	0	0	0	0
unidentified_Bacteria	0	7.84E-05	1.57E-05	0	0	0	0	3.13E-05	0	0	0	0.00023511
Aridibacter	0	0	0.00023511	0	0	0	0	0	0	0	0	0
Methylobacterium	0	3.13E-05	9.40E-05	0	4.70E-05	0	0	3.13E-05	1.57E-05	0	1.57E-05	3.13E-05
Solirubrobacter	1.57E-05	0	0.000219436	4.70E-05	0	0	0	0	0	0	3.13E-05	0
Candidatus_Solibacter	0	0	4.70E-05	0	0	0	0	4.70E-05	0	0	6.27E-05	1.57E-05
Lachnospira	4.70E-05	1.57E-05	0	0	1.57E-05	0	0	0	0	3.13E-05	0	3.13E-05
Sphaerochaeta	0	0	0	0	0	0	0	0.000219436	0	0	0	0
Allisonella	0	0	0	4.70E-05	0	0	0	0	0	0	0	0
Brachybacterium	0	0.000203762	4.70E-05	0	0	0	0	0	0	0	3.13E-05	6.27E-05
unidentified_Bacteroidales	0	0	0	1.57E-05	0	0	0	0	0	0	0	0
Candidatus_Xiphinematobacter	0	0	9.40E-05	7.84E-05	0	0	0	3.13E-05	0	0	0.000203762	0
Thiobacillus	0	0	0	0	0	0	0	0.000203762	0	0	3.13E-05	4.70E-05
Caulobacter	0	0	0.000203762	0	0	0	0	0	0	0	3.13E-05	0
unidentified_Burkholderiaceae	0	1.57E-05	7.84E-05	0	0	0	0	1.57E-05	0	0	0	0
Erysipelatoclostridium	0	6.27E-05	0.000203762	9.40E-05	0	0	0	0	1.57E-05	0	0	4.70E-05
Aeromicrobium	0	0	0.000188088	0	0	0	0	3.13E-05	0	0	0	0
unidentified_Deltaproteobacteria	0	0	0.000188088	0	0	0	0	1.57E-05	0	0	0	0
Agromyces	6.27E-05	0.000188088	0.000125392	7.84E-05	7.84E-05	7.84E-05	4.70E-05	0.000109718	0.000109718	7.84E-05	4.70E-05	6.27E-05
Turicibacter	7.84E-05	0	9.40E-05	0	0	0	1.57E-05	4.70E-05	0	0	1.57E-05	0
unidentified_Gammaproteobacteria	0	0	0.000172414	3.13E-05	6.27E-05	0	4.70E-05	0	0	0	1.57E-05	7.84E-05
Oscillospira	0	0	0	0	0	0	0	0	0	0	0	1.57E-05
Cloacibacterium	4.70E-05	1.57E-05	0.000172414	0	0	0	0	0	0	0	0	4.70E-05
unidentified_Chloroflexi	0	0	0	0	0	0	0	0	0	0	0	0.000172414
Methanosaeta	1.57E-05	1.57E-05	3.13E-05	0	0	0	0	0	0	0	0	0
Proteiniphilum	0	0	0	0	0	0	0	0.00015674	0	0	0	0
Lysobacter	0	0	0.00015674	0	1.57E-05	0	4.70E-05	4.70E-05	1.57E-05	0	0	4.70E-05
Phenylobacterium	0	0	0.00015674	3.13E-05	0	0	0	0	3.13E-05	0	4.70E-05	1.57E-05
Geobacillus	0	1.57E-05	6.27E-05	0	0	0	0	0.00015674	1.57E-05	0	1.57E-05	4.70E-05
Megamonas	0	0	0.00015674	1.57E-05	3.13E-05	1.57E-05	1.57E-05	0	0	0	0	4.70E-05
Bryobacter	0	1.57E-05	0.00015674	0	1.57E-05	0	0	0.000125392	0	0	0	6.27E-05
Blastopirellula	0	0	0.00015674	0	0	0	0	0	0	0	0	0
Candidatus_Ovatusbacter	0	0	0.00015674	0	0	0	0	0	0	0	0	0
Conexibacter	0	4.70E-05	3.13E-05	3.13E-05	1.57E-05	0	3.13E-05	0.00015674	0	3.13E-05	3.13E-05	0.000125392
Megasphaera	0	0	0.00015674	0	0	0	0	0	0	0	3.13E-05	1.57E-05
Dialister	0	9.40E-05	0.00015674	0	0	0.000109718	0	0	1.57E-05	0	0	3.13E-05
Adhaeribacter	0	0	0.00015674	0	0	0	0	0	3.13E-05	0	0	0
unidentified_Christensenellaceae	1.57E-05	0	0	0	0	0	0	0	0	0	0	0
Carnobacterium	0	7.84E-05	6.27E-05	0	0	3.13E-05	0	0.000141066	0	0	1.57E-05	9.40E-05
Ruminiclostridium	0.000109718	0	3.13E-05	0	0	0	1.57E-05	3.13E-05	0	0	6.27E-05	0
Tissierella	0	0	0	0	0	0	0	0.000141066	0	0	0	1.57E-05
Mycoplasma	0	0.000141066	3.13E-05	0	0	1.57E-05	0	0	0	0	0	0
Actinobacillus	0.000109718	6.27E-05	0.000109718	0	0	0	1.57E-05	6.27E-05	1.57E-05	1.57E-05	0	3.13E-05
Mesorhizobium	0	6.27E-05	0.000141066	0	0	0	0	6.27E-05	0	0	4.70E-05	0
Aeromonas	0	4.70E-05	0.000125392	0	0	0	0	0	0	0	0	0
Candidatus_Soleaferrea	0	4.70E-05	0	0	0	0	0	0	0	0	0	0
Butyricimonas	0	0	0	0	3.13E-05	0	0	0	0	0	0	0
Candidatus_Berkiella	0	0	0.000125392	0	0	0	0	0	0	0	0	0
Sarcina	0	0	0	0	0	0	0	0	0	0	0	0
Blastococcus	0	0	0.000125392	0	0	0	0	0	0	0	0	0
Rothia	3.13E-05	3.13E-05	0.000109718	1.57E-05	0	0	0	1.57E-05	0	6.27E-05	0	0
Brevibacterium	3.13E-05	1.57E-05	1.57E-05	1.57E-05	0	0	0	7.84E-05	3.13E-05	4.70E-05	0	6.27E-05
Chitinophaga	4.70E-05	9.40E-05	4.70E-05	0.000125392	6.27E-05	3.13E-05	1.57E-05	6.27E-05	6.27E-05	0.000109718	3.13E-05	4.70E-05
Alishewanella	0	0	0	0	0	0	0	3.13E-05	0	0	0	0
Edaphobacter	0	0	0	0	0	0	0	1.57E-05	0	0	1.57E-05	0
Steroidobacter	0	0	0.000125392	0	0	0	0	3.13E-05	0	0	0	0
Anaerostipes	0	3.13E-05	0.000125392	0	1.57E-05	7.84E-05	1.57E-05	0	1.57E-05	3.13E-05	0	0
Candidatus_Saccharimonas	0	0	0	0	0	0	0	0	0	0	0	0
Dubosiella	0	1.57E-05	0	0	0	0	0	0	0	0	0	1.57E-05
Acidothermus	0	0	0	0	0	0	0	0.000109718	1.57E-05	0	0	6.27E-05
Methanoculleus	0	0	0	0	0	0	0	0.000109718	0	0	0	0
Occallatibacter	0	0	0	0	3.13E-05	0	0	7.84E-05	1.57E-05	0	0	0.000109718
Granulicatella	0	4.70E-05	0.000109718	0	0	0	0	3.13E-05	0	0	0	1.57E-05
Flavonifractor	6.27E-05	0	0.000109718	1.57E-05	4.70E-05	1.57E-05	0	3.13E-05	0	0	1.57E-05	0
Pseudolabrys	0	1.57E-05	0.000109718	0	0	4.70E-05	0	3.13E-05	0	0	3.13E-05	1.57E-05
Bilophila	0	0	4.70E-05	0	0	0	0	4.70E-05	0	0	0	0
unidentified_Nitrospiraceae	0	0	0.000109718	0	0	0	0	0	1.57E-05	0	0	6.27E-05
Sediminibacterium	0	4.70E-05	9.40E-05	0	0	1.57E-05	0	4.70E-05	0	0	0	0
Herpetosiphon	0	0	9.40E-05	0	0	0	0	0	0	0	0	0
Alkaliflexus	0	0	0	0	0	0	0	9.40E-05	0	1.57E-05	0	0
Niastella	0	0	9.40E-05	0	0	0	0	0	0	0	0	0
Gardnerella	0	0	9.40E-05	0	0	0	0	0	0	0	1.57E-05	3.13E-05
Fusicatenibacter	0	6.27E-05	1.57E-05	0	0	9.40E-05	0	0	0	0	0	1.57E-05
Oribacterium	0	0	0	0	0	0	0	0	0	0	7.84E-05	0
Dyella	0	0	0	0	0	0	0	0	0	0	0	0
Campylobacter	0	0	0	0	0	0	0	0	0	0	3.13E-05	0
Gaiella	0	0	6.27E-05	0	0	0	0	6.27E-05	0	0	3.13E-05	0
Dechloromonas	0	0	1.57E-05	0	0	0	0	0	0	0	0	0
Intestinibacter	0	0	9.40E-05	0	0	0	0	0	1.57E-05	0	3.13E-05	0
Nocardioides	1.57E-05	0	9.40E-05	0	0	0	0	6.27E-05	0	0	3.13E-05	0
Anaerovibrio	0	0	7.84E-05	0	0	0	0	0	0	0	0	0
Jeotgalicoccus	0	0	0	1.57E-05	0	0	3.13E-05	7.84E-05	0	0	0	9.40E-05
Flavisolibacter	0	0	9.40E-05	0	0	0	0	0	0	0	0	3.13E-05
Candidatus_Alysiosphaera	0	0	9.40E-05	1.57E-05	0	0	0	0	0	0	3.13E-05	0
Pygmaiobacter	0	0	0	0	0	0	0	0	0	0	0	0
Sellimonas	0	0	9.40E-05	0	0	0	0	0	0	0	0	0
Geothrix	0	0	1.57E-05	0	0	0	0	0	0	0	0	0
Kribbella	0	0	7.84E-05	0	0	0	0	0	0	0	0	0
Dinghuibacter	0	0	7.84E-05	0	0	0	0	1.57E-05	0	0	3.13E-05	0
Snodgrassella	0	3.13E-05	7.84E-05	0	0	0	0	0	0	0	0	0
Enhydrobacter	0	0	7.84E-05	0	0	0	0	3.13E-05	0	0	0	4.70E-05
Legionella	0	7.84E-05	7.84E-05	0	0	0	0	0	0	0	0	0
Lawsonella	0	0	4.70E-05	0	0	0	0	0	0	1.57E-05	3.13E-05	7.84E-05
Sulfurimonas	0	0	7.84E-05	0	0	0	0	0	0	0	0	0
Altererythrobacter	0	0	7.84E-05	4.70E-05	0	0	0	0	0	0	0	1.57E-05
unidentified_Alphaproteobacteria	0	0	7.84E-05	0	0	0	0	0	0	0	0	0
Millionella	1.57E-05	0	0	0	0	0	0	0	0	0	0	0
Marivivens	0	0	7.84E-05	4.70E-05	0	1.57E-05	0	0	0	0	3.13E-05	1.57E-05
Membranicola	0	1.57E-05	0	0	0	0	0	0	0	0	0	0
unidentified_Prolixibacteraceae	0	0	0	0	0	0	0	7.84E-05	0	0	0	0
Microvirga	0	0	6.27E-05	0	0	0	0	7.84E-05	0	0	0	3.13E-05
Dyadobacter	0	0	7.84E-05	0	0	0	0	0	0	0	0	0
Cerasibacillus	0	0	7.84E-05	3.13E-05	0	0	0	0	0	1.57E-05	0	0
Gemmobacter	0	7.84E-05	4.70E-05	0	0	0	0	4.70E-05	0	0	0	0
Methylotenera	0	0	0	0	0	0	0	0	0	0	0	1.57E-05
Sporanaerobacter	0	7.84E-05	3.13E-05	0	0	0	0	0	0	0	0	0
Bergeyella	6.27E-05	0	0	4.70E-05	3.13E-05	0	0	3.13E-05	0	0	0	0
Shewanella	0	0	7.84E-05	0	1.57E-05	0	0	0	0	0	0	0
Endozoicomonas	0	0	0	0	0	0	0	0	0	0	0	0
Paenalcaligenes	0	0	3.13E-05	0	0	3.13E-05	0	7.84E-05	3.13E-05	0	1.57E-05	6.27E-05
Gillisia	0	0	0	0	0	0	0	0	0	0	0	0
Veillonella	0	3.13E-05	7.84E-05	0	0	3.13E-05	0	4.70E-05	0	0	0	0
Marmoricola	0	1.57E-05	7.84E-05	0	0	0	0	1.57E-05	3.13E-05	0	3.13E-05	1.57E-05
Gilliamella	0	7.84E-05	0	0	0	0	0	0	0	0	0	0
Derxia	0	0	1.57E-05	0	0	0	4.70E-05	0	0	0	0	0
Rikenella	3.13E-05	0	0	0	0	0	0	0	0	0	0	0
Desulfatiglans	0	0	7.84E-05	0	0	0	0	3.13E-05	0	0	0	0
Thiomonas	0	0	0	0	0	0	0	0	0	0	0	0
Dokdonella	0	0	0	0	4.70E-05	0	0	0	0	0	0	7.84E-05
Macellibacteroides	0	7.84E-05	0	0	0	0	0	0	4.70E-05	0	0	0
Alcaligenes	0	0	0	0	0	0	1.57E-05	6.27E-05	0	0	0	7.84E-05
Chthoniobacter	0	0	4.70E-05	0	0	0	0	7.84E-05	0	0	0	0
Ilumatobacter	0	0	4.70E-05	0	0	0	0	7.84E-05	0	0	0	0
Gemmatimonas	0	0	4.70E-05	0	0	0	0	1.57E-05	0	0	3.13E-05	3.13E-05
unidentified_Sphingobacteriales	0	0	0	0	0	0	0	0	0	0	0	6.27E-05
Wenzhouxiangella	0	0	6.27E-05	0	0	0	0	0	0	0	0	0
Parafilimonas	0	0	0	0	0	0	0	0	0	3.13E-05	0	0
Acetitomaculum	0	6.27E-05	0	0	0	0	0	0	0	0	0	0
Intrasporangium	0	0	3.13E-05	0	0	0	0	6.27E-05	0	0	0	0
Anaeroplasma	0	0	6.27E-05	0	0	0	0	0	0	0	0	0
Terracidiphilus	0	3.13E-05	0	0	0	0	6.27E-05	4.70E-05	0	0	0	4.70E-05
Robinsoniella	0	0	0	0	0	0	0	6.27E-05	0	1.57E-05	0	0
Pseudonocardia	0	0	6.27E-05	0	0	0	0	0	4.70E-05	0	1.57E-05	1.57E-05
Solobacterium	0	0	0	3.13E-05	0	0	0	0	0	0	0	0
Nitrosomonas	0	0	0	0	0	0	0	0	0	0	0	6.27E-05
Psychroglaciecola	0	0	6.27E-05	0	0	0	0	0	0	0	0	0
Acidaminococcus	0	0	0	0	0	0	0	0	0	0	0	0
Pseudoxanthomonas	0	4.70E-05	6.27E-05	0	0	0	0	1.57E-05	0	0	0	0
Thermobacillus	0	0	0	0	0	0	0	3.13E-05	0	0	0	6.27E-05
Asticcacaulis	0	0	6.27E-05	0	0	0	0	0	0	0	0	1.57E-05
Skermanella	0	0	6.27E-05	0	0	0	0	0	0	0	0	0
Lachnoanaerobaculum	0	0	1.57E-05	0	0	0	0	0	0	0	0	1.57E-05
Truepera	0	0	0	0	0	0	0	0	0	0	0	0
Candidatus_Bacilloplasma	0	6.27E-05	6.27E-05	0	0	0	0	0	0	0	0	1.57E-05
unidentified_Candidatus_Yanofskybacteria	0	0	0	0	0	0	0	0	0	0	0	0
Methylocystis	0	0	0	0	0	0	0	6.27E-05	0	0	0	0
Rubellimicrobium	0	6.27E-05	4.70E-05	0	0	0	1.57E-05	0	1.57E-05	0	0	0
Rubrobacter	0	0	0	0	0	0	4.70E-05	0	0	0	0	0
Methanobrevibacter	0	0	0	0	0	0	0	0	0	0	0	0
Paludibaculum	0	0	0	6.27E-05	0	0	0	0	0	0	0	0
Qipengyuania	0	1.57E-05	4.70E-05	0	0	0	0	3.13E-05	0	0	0	3.13E-05
Desulfoprunum	0	0	0	0	0	0	0	0	1.57E-05	0	0	0
Tepidimonas	0	0	0	0	0	0	0	0	0	0	0	0
Providencia	0	1.57E-05	0	0	0	0	0	1.57E-05	0	0	0	0
unidentified_Acidobacteriia	0	0	0	0	0	0	0	0	0	0	0	0
Meiothermus	0	0	0	0	0	0	0	0	0	0	0	0
Novosphingobium	0	0	0	0	0	0	0	0	0	0	0	0
Fusibacter	0	0	0	0	0	0	1.57E-05	0	0	0	0	0
Lentimicrobium	0	0	0	0	0	0	0	0	0	0	0	0
unidentified_Chthonomonadales	0	0	0	0	0	0	0	0	0	0	0	0
Salinimicrobium	0	0	4.70E-05	0	0	0	0	0	0	0	0	0
Niveispirillum	0	0	0	0	0	0	0	0	0	0	0	0
unidentified_Myxococcales	0	0	0	0	0	0	0	0	0	0	0	0
Inquilinus	0	0	4.70E-05	0	0	0	0	0	0	0	0	0
Anaeroglobus	0	0	4.70E-05	0	0	0	0	0	0	0	0	0
Ohtaekwangia	0	0	4.70E-05	0	0	0	0	0	0	0	0	0
Cellvibrio	0	0	4.70E-05	0	0	0	0	0	0	0	0	0
Vicinamibacter	0	0	4.70E-05	0	0	0	0	0	0	0	0	0
Acetobacter	1.57E-05	0	0	0	0	0	3.13E-05	4.70E-05	0	0	0	1.57E-05
Chujaibacter	0	0	3.13E-05	0	4.70E-05	0	0	3.13E-05	0	0	0	0
Corynebacterium	0	0	0	0	0	0	0	0	0	0	1.57E-05	3.13E-05
Parviterribacter	0	0	4.70E-05	0	0	0	0	0	0	0	0	0
Cupriavidus	0	4.70E-05	0	0	0	0	0	0	0	0	0	1.57E-05
Pseudoalteromonas	0	0	3.13E-05	0	0	0	0	0	0	0	0	0
Microlunatus	0	0	0	0	0	0	0	0	0	0	0	0
Bdellovibrio	0	0	4.70E-05	0	0	0	0	0	0	0	0	4.70E-05
Candidatus_Moduliflexus	0	0	0	0	0	0	0	0	0	0	0	0
Finegoldia	3.13E-05	1.57E-05	0	0	0	0	0	0	0	0	0	3.13E-05
Iamia	0	0	4.70E-05	0	0	0	0	0	0	0	0	0
Terrimicrobium	0	0	0	0	0	0	0	0	0	0	0	0
Cellulosimicrobium	3.13E-05	0	0	0	0	4.70E-05	0	0	0	0	0	0
Aerococcus	0	0	0	1.57E-05	0	0	0	4.70E-05	0	0	0	3.13E-05
unidentified_Actinobacteria	0	0	4.70E-05	0	0	0	3.13E-05	1.57E-05	0	0	0	0
Defluviicoccus	0	0	4.70E-05	0	0	0	0	0	0	0	3.13E-05	0
Methylococcus	0	0	0	0	0	0	0	0	0	0	0	0
Anaerotruncus	0	0	0	0	0	0	0	0	0	0	0	0
Marinobacter	0	0	0	0	0	0	0	4.70E-05	0	0	0	0
Ruminofilibacter	0	0	0	0	0	0	0	0	0	0	0	0
Carboxylicivirga	0	0	1.57E-05	0	0	0	0	0	0	0	0	0
Hyphomonas	0	0	0	0	0	0	0	0	0	0	0	0
Geobacter	0	0	4.70E-05	0	0	0	0	4.70E-05	0	0	0	0
Lewinella	0	0	0	0	0	0	0	0	0	0	0	0
Chiayiivirga	0	0	0	0	0	0	0	0	0	0	0	0
Candidatus_Competibacter	0	0	0	0	0	0	0	0	0	0	0	0
Methyloparacoccus	0	0	0	0	0	0	0	0	0	0	0	0
unidentified_Rikenellaceae	0	0	0	0	0	0	0	0	0	0	0	0
Streptomyces	0	0	3.13E-05	0	0	1.57E-05	0	0	0	0	0	4.70E-05
Succiniclasticum	0	0	4.70E-05	0	0	0	0	0	0	0	0	0
Salinirepens	0	0	0	0	0	0	0	0	0	0	3.13E-05	0
Ignavibacterium	0	0	0	0	0	0	0	0	0	0	0	4.70E-05
Fibrobacter	0	0	0	0	0	0	0	0	0	0	0	0
Cohnella	0	0	4.70E-05	0	0	0	0	0	0	0	0	0
Candidatus_Koribacter	3.13E-05	0	1.57E-05	0	0	0	0	0	0	0	0	0
Lacibacter	0	0	0	0	0	0	0	0	0	0	0	0
Rheinheimera	0	0	0	0	0	0	0	0	0	0	0	0
Anaerococcus	0	0	4.70E-05	0	0	0	0	0	0	0	0	0
Desulfobacca	0	0	4.70E-05	0	0	0	0	0	0	0	0	0
Proteiniclasticum	0	0	0	0	0	0	0	4.70E-05	0	0	0	1.57E-05
Silvanigrella	0	0	0	0	0	0	0	0	0	0	0	0
Candidatus_Nitrosoarchaeum	0	3.13E-05	0	0	0	0	0	1.57E-05	0	0	4.70E-05	0
Pedobacter	0	0	0	0	0	0	0	0	0	0	0	0
Pseudobutyrivibrio	0	0	4.70E-05	1.57E-05	0	0	0	3.13E-05	0	0	0	0
Flavihumibacter	0	4.70E-05	0	0	0	0	0	0	0	0	0	4.70E-05
Senegalimassilia	0	0	0	0	0	0	0	0	0	0	0	0
Desulfonatronum	0	0	0	0	0	0	0	4.70E-05	0	0	0	0
Atopobium	0	0	0	1.57E-05	0	0	0	0	0	0	0	0
Brassicibacter	0	0	0	0	0	0	0	0	0	0	0	1.57E-05
Rhodopila	0	0	4.70E-05	0	0	0	0	0	0	0	0	0
Candidatus_Stoquefichus	0	0	4.70E-05	0	0	0	0	0	0	0	0	0
Cavicella	0	0	0	0	0	0	0	0	0	0	0	1.57E-05
Spongiimonas	0	0	1.57E-05	0	0	0	0	0	0	0	0	0
Actinocorallia	0	1.57E-05	0	0	0	0	0	0	0	0	0	0
Mucilaginibacter	0	0	0	0	0	0	0	0	3.13E-05	0	0	0
Dietzia	0	1.57E-05	1.57E-05	0	0	0	0	0	0	0	0	3.13E-05
Gordonia	0	0	0	0	3.13E-05	0	0	0	0	0	0	1.57E-05
Prevotella	0	0	0	0	0	0	0	0	0	0	0	0
Cardiobacterium	0	0	0	0	0	0	0	0	0	0	0	0
unidentified_Nostocales	0	0	0	0	0	0	0	0	0	0	1.57E-05	0
Acetobacteroides	0	0	3.13E-05	0	0	0	0	1.57E-05	0	0	0	0
Oceanobacillus	0	0	3.13E-05	0	0	0	0	0	0	0	0	0
Brochothrix	0	0	3.13E-05	0	0	0	0	0	0	0	0	0
Anaerovorax	0	0	0	0	0	0	0	0	0	0	0	0
Atopostipes	0	0	0	0	0	3.13E-05	0	1.57E-05	0	0	0	0
Sulfuricurvum	0	3.13E-05	3.13E-05	0	0	0	0	3.13E-05	0	0	0	0
Prosthecomicrobium	0	0	0	0	0	0	0	0	0	0	0	0
Polycyclovorans	0	0	0	0	0	0	0	3.13E-05	0	0	0	0
Opitutus	0	1.57E-05	0	0	0	0	0	0	0	0	0	0
Alkalibacter	0	1.57E-05	1.57E-05	0	0	0	0	0	0	1.57E-05	0	0
Luteimonas	0	0	0	0	0	0	0	0	0	0	0	0
Anaerocolumna	0	0	0	0	0	0	0	3.13E-05	0	0	0	0
Pseudorhodobacter	0	3.13E-05	0	0	0	0	0	0	0	0	0	0
Aerosphaera	0	0	3.13E-05	0	1.57E-05	0	1.57E-05	3.13E-05	3.13E-05	0	3.13E-05	1.57E-05
Sporolactobacillus	0	0	0	0	1.57E-05	0	0	0	0	0	0	0
Epulopiscium	0	0	0	0	0	3.13E-05	0	0	0	1.57E-05	0	0
Sinibacillus	0	0	0	0	0	0	0	0	0	0	0	3.13E-05
Cellulomonas	0	0	3.13E-05	0	0	0	0	0	0	0	0	0
Bacteriovorax	0	0	0	0	0	0	0	0	0	0	0	0
Erysipelothrix	0	0	0	0	0	0	0	3.13E-05	0	0	0	0
Cnuella	0	0	0	0	0	0	0	0	0	0	0	0
Phaselicystis	0	0	3.13E-05	0	0	0	0	0	0	0	0	0
Fonticella	0	0	0	0	0	0	0	0	0	0	0	0
Xanthobacter	0	0	0	0	0	0	0	0	0	0	0	0
Williamsia	0	0	0	3.13E-05	0	0	0	0	0	0	0	0
Candidatus_Arthromitus	0	0	0	0	0	0	0	0	0	0	0	0
Ensifer	0	0	3.13E-05	0	0	0	0	0	0	0	0	0
Rhodomicrobium	0	0	3.13E-05	0	0	0	0	0	0	0	0	0
Methyloglobulus	0	0	0	0	0	0	0	0	0	0	0	0
Segetibacter	0	0	0	0	0	0	0	0	0	0	0	0
unidentified_Gemmatimonadaceae	0	0	0	0	0	0	0	0	0	0	0	0
Nosocomiicoccus	0	0	0	0	0	0	0	0	0	0	0	1.57E-05
Dethiosulfovibrio	0	0	0	0	0	0	0	0	0	0	0	0
Peptococcus	0	0	0	0	0	0	0	3.13E-05	0	0	0	0
Hirschia	0	0	1.57E-05	0	0	0	0	3.13E-05	0	0	3.13E-05	3.13E-05
Azospirillum	0	0	0	0	0	0	0	3.13E-05	0	0	0	0
Saccharopolyspora	0	1.57E-05	0	0	0	0	1.57E-05	0	0	0	0	0
Hydrotalea	0	0	0	0	0	0	0	0	0	0	0	0
Psychrilyobacter	0	0	0	0	0	0	0	0	0	0	0	0
Syntrophorhabdus	0	0	0	0	0	0	0	0	0	0	0	0
Fructobacillus	0	0	0	0	1.57E-05	0	0	0	0	0	0	0
Granulicella	0	0	0	0	0	0	0	0	0	0	0	0
Uliginosibacterium	0	0	1.57E-05	0	0	0	0	0	0	0	0	0
Nubsella	1.57E-05	0	0	0	0	0	0	1.57E-05	0	1.57E-05	0	0
Planktosalinus	0	0	0	0	0	0	0	0	0	0	0	0
Acetatifactor	0	0	0	0	0	0	0	0	0	0	0	0
Phaeodactylibacter	0	0	0	0	0	0	0	0	0	0	0	0
Clostridium	0	0	0	0	0	0	0	0	0	0	0	0
Acetobacterium	0	0	0	0	0	0	0	1.57E-05	0	0	0	0
unidentified_Rhodospirillales	0	0	0	0	0	0	0	1.57E-05	0	0	0	0
unidentified_Gaiellales	0	0	0	0	0	0	0	0	0	0	1.57E-05	0
Anaeromyxobacter	0	0	0	0	0	0	0	0	0	0	0	0
unidentified_Victivallales	0	0	0	0	0	0	0	0	0	0	0	0
Desulfatitalea	0	0	0	0	0	0	0	1.57E-05	0	0	0	0
Olivibacter	0	0	0	0	0	0	0	0	0	0	0	0
Aegiribacteria	0	0	0	0	0	0	0	1.57E-05	0	0	0	0
Crenothrix	0	0	0	0	0	0	0	0	0	0	0	0
Candidatus_Cloacimonas	0	0	0	0	0	0	0	0	0	0	0	0
unidentified_Anaerolineae	0	0	0	0	0	0	0	1.57E-05	0	0	0	0
Caldicoprobacter	0	0	0	0	0	0	0	0	0	0	0	0
Anaerolinea	0	0	0	0	0	0	0	0	0	0	0	0